(kicad_pcb (version 20171130) (host pcbnew "(5.0.2)-1")

  (general
    (thickness 1.6)
    (drawings 0)
    (tracks 0)
    (zones 0)
    (modules 105)
    (nets 54)
  )

  (page A4)
  (layers
    (0 F.Cu signal)
    (31 B.Cu signal)
    (32 B.Adhes user)
    (33 F.Adhes user)
    (34 B.Paste user)
    (35 F.Paste user)
    (36 B.SilkS user)
    (37 F.SilkS user)
    (38 B.Mask user)
    (39 F.Mask user)
    (40 Dwgs.User user)
    (41 Cmts.User user)
    (42 Eco1.User user)
    (43 Eco2.User user)
    (44 Edge.Cuts user)
    (45 Margin user)
    (46 B.CrtYd user)
    (47 F.CrtYd user)
    (48 B.Fab user)
    (49 F.Fab user)
  )

  (setup
    (last_trace_width 0.25)
    (trace_clearance 0.2)
    (zone_clearance 0.508)
    (zone_45_only no)
    (trace_min 0.2)
    (segment_width 0.2)
    (edge_width 0.15)
    (via_size 0.8)
    (via_drill 0.4)
    (via_min_size 0.4)
    (via_min_drill 0.3)
    (uvia_size 0.3)
    (uvia_drill 0.1)
    (uvias_allowed no)
    (uvia_min_size 0.2)
    (uvia_min_drill 0.1)
    (pcb_text_width 0.3)
    (pcb_text_size 1.5 1.5)
    (mod_edge_width 0.15)
    (mod_text_size 1 1)
    (mod_text_width 0.15)
    (pad_size 1.524 1.524)
    (pad_drill 0.762)
    (pad_to_mask_clearance 0.051)
    (solder_mask_min_width 0.25)
    (aux_axis_origin 0 0)
    (visible_elements 7FFFFFFF)
    (pcbplotparams
      (layerselection 0x010fc_ffffffff)
      (usegerberextensions false)
      (usegerberattributes false)
      (usegerberadvancedattributes false)
      (creategerberjobfile false)
      (excludeedgelayer true)
      (linewidth 0.100000)
      (plotframeref false)
      (viasonmask false)
      (mode 1)
      (useauxorigin false)
      (hpglpennumber 1)
      (hpglpenspeed 20)
      (hpglpendiameter 15.000000)
      (psnegative false)
      (psa4output false)
      (plotreference true)
      (plotvalue true)
      (plotinvisibletext false)
      (padsonsilk false)
      (subtractmaskfromsilk false)
      (outputformat 1)
      (mirror false)
      (drillshape 1)
      (scaleselection 1)
      (outputdirectory ""))
  )

  (net 0 "")
  (net 1 "Net-(IC1-Pad2)")
  (net 2 "Net-(IC1-Pad6)")
  (net 3 "Net-(PS1-Pad3)")
  (net 4 "Net-(PS1-Pad4)")
  (net 5 "Net-(C1-Pad1)")
  (net 6 GND)
  (net 7 "Net-(C2-Pad1)")
  (net 8 "Net-(C3-Pad1)")
  (net 9 "Net-(C4-Pad1)")
  (net 10 "Net-(C6-Pad1)")
  (net 11 "Net-(C18-Pad1)")
  (net 12 "Net-(C19-Pad1)")
  (net 13 "Net-(D1-Pad2)")
  (net 14 /+Batt)
  (net 15 "Net-(D2-Pad1)")
  (net 16 "Net-(D3-Pad2)")
  (net 17 "Net-(D4-Pad2)")
  (net 18 "Net-(D5-Pad1)")
  (net 19 "Net-(D6-Pad2)")
  (net 20 "Net-(D7-Pad2)")
  (net 21 "Net-(D8-Pad2)")
  (net 22 "Net-(D10-Pad2)")
  (net 23 "Net-(D10-Pad1)")
  (net 24 "Net-(D12-Pad2)")
  (net 25 "Net-(D12-Pad1)")
  (net 26 /Rov4PS_HP/-BattPower)
  (net 27 "Net-(D14-Pad1)")
  (net 28 "Net-(D16-Pad2)")
  (net 29 +BattPow)
  (net 30 "Net-(D17-Pad2)")
  (net 31 "Net-(D18-Pad2)")
  (net 32 "Net-(D19-Pad2)")
  (net 33 "Net-(D20-Pad2)")
  (net 34 "Net-(IC2-Pad2)")
  (net 35 "Net-(IC2-Pad6)")
  (net 36 "Net-(J2-Pad2)")
  (net 37 "Net-(J3-Pad1)")
  (net 38 "Net-(J20-Pad2)")
  (net 39 "Net-(J9-Pad1)")
  (net 40 /Rov4PS_HP/PowerEnable)
  (net 41 "Net-(J22-Pad1)")
  (net 42 "Net-(J24-Pad1)")
  (net 43 "Net-(J27-Pad1)")
  (net 44 "Net-(J30-Pad1)")
  (net 45 "Net-(J40-Pad1)")
  (net 46 "Net-(J45-Pad1)")
  (net 47 "Net-(J46-Pad1)")
  (net 48 "Net-(J9-Pad3)")
  (net 49 "Net-(PS2-Pad1)")
  (net 50 "Net-(Q1-Pad1)")
  (net 51 "Net-(U1-Pad87a)")
  (net 52 +BattDigit)
  (net 53 "Net-(J46-Pad2)")

  (net_class Default "To jest domyślna klasa połączeń."
    (clearance 0.2)
    (trace_width 0.25)
    (via_dia 0.8)
    (via_drill 0.4)
    (uvia_dia 0.3)
    (uvia_drill 0.1)
    (add_net +BattDigit)
    (add_net +BattPow)
    (add_net /+Batt)
    (add_net /Rov4PS_HP/-BattPower)
    (add_net /Rov4PS_HP/PowerEnable)
    (add_net GND)
    (add_net "Net-(C1-Pad1)")
    (add_net "Net-(C18-Pad1)")
    (add_net "Net-(C19-Pad1)")
    (add_net "Net-(C2-Pad1)")
    (add_net "Net-(C3-Pad1)")
    (add_net "Net-(C4-Pad1)")
    (add_net "Net-(C6-Pad1)")
    (add_net "Net-(D1-Pad2)")
    (add_net "Net-(D10-Pad1)")
    (add_net "Net-(D10-Pad2)")
    (add_net "Net-(D12-Pad1)")
    (add_net "Net-(D12-Pad2)")
    (add_net "Net-(D14-Pad1)")
    (add_net "Net-(D16-Pad2)")
    (add_net "Net-(D17-Pad2)")
    (add_net "Net-(D18-Pad2)")
    (add_net "Net-(D19-Pad2)")
    (add_net "Net-(D2-Pad1)")
    (add_net "Net-(D20-Pad2)")
    (add_net "Net-(D3-Pad2)")
    (add_net "Net-(D4-Pad2)")
    (add_net "Net-(D5-Pad1)")
    (add_net "Net-(D6-Pad2)")
    (add_net "Net-(D7-Pad2)")
    (add_net "Net-(D8-Pad2)")
    (add_net "Net-(IC1-Pad2)")
    (add_net "Net-(IC1-Pad6)")
    (add_net "Net-(IC2-Pad2)")
    (add_net "Net-(IC2-Pad6)")
    (add_net "Net-(J2-Pad2)")
    (add_net "Net-(J20-Pad2)")
    (add_net "Net-(J22-Pad1)")
    (add_net "Net-(J24-Pad1)")
    (add_net "Net-(J27-Pad1)")
    (add_net "Net-(J3-Pad1)")
    (add_net "Net-(J30-Pad1)")
    (add_net "Net-(J40-Pad1)")
    (add_net "Net-(J45-Pad1)")
    (add_net "Net-(J46-Pad1)")
    (add_net "Net-(J46-Pad2)")
    (add_net "Net-(J9-Pad1)")
    (add_net "Net-(J9-Pad3)")
    (add_net "Net-(PS1-Pad3)")
    (add_net "Net-(PS1-Pad4)")
    (add_net "Net-(PS2-Pad1)")
    (add_net "Net-(Q1-Pad1)")
    (add_net "Net-(U1-Pad87a)")
  )

  (module Capacitor_SMD:C_2816_7142Metric_Pad3.20x4.45mm_HandSolder (layer F.Cu) (tedit 5B341556) (tstamp 5CA7E2BA)
    (at 60.96 27.94 270)
    (descr "Capacitor SMD 2816 (7142 Metric), square (rectangular) end terminal, IPC_7351 nominal with elongated pad for handsoldering. (Body size from: https://www.vishay.com/docs/30100/wsl.pdf), generated with kicad-footprint-generator")
    (tags "capacitor handsolder")
    (path /5CE53AEE)
    (attr smd)
    (fp_text reference C1 (at 0 -3.18 270) (layer F.SilkS)
      (effects (font (size 1 1) (thickness 0.15)))
    )
    (fp_text value 33uF (at 0 3.18 270) (layer F.Fab)
      (effects (font (size 1 1) (thickness 0.15)))
    )
    (fp_text user %R (at 0 0 270) (layer F.Fab)
      (effects (font (size 1 1) (thickness 0.15)))
    )
    (fp_line (start 4.45 2.48) (end -4.45 2.48) (layer F.CrtYd) (width 0.05))
    (fp_line (start 4.45 -2.48) (end 4.45 2.48) (layer F.CrtYd) (width 0.05))
    (fp_line (start -4.45 -2.48) (end 4.45 -2.48) (layer F.CrtYd) (width 0.05))
    (fp_line (start -4.45 2.48) (end -4.45 -2.48) (layer F.CrtYd) (width 0.05))
    (fp_line (start -0.797369 2.21) (end 0.797369 2.21) (layer F.SilkS) (width 0.12))
    (fp_line (start -0.797369 -2.21) (end 0.797369 -2.21) (layer F.SilkS) (width 0.12))
    (fp_line (start 3.55 2.1) (end -3.55 2.1) (layer F.Fab) (width 0.1))
    (fp_line (start 3.55 -2.1) (end 3.55 2.1) (layer F.Fab) (width 0.1))
    (fp_line (start -3.55 -2.1) (end 3.55 -2.1) (layer F.Fab) (width 0.1))
    (fp_line (start -3.55 2.1) (end -3.55 -2.1) (layer F.Fab) (width 0.1))
    (pad 2 smd roundrect (at 2.6 0 270) (size 3.2 4.45) (layers F.Cu F.Paste F.Mask) (roundrect_rratio 0.078125)
      (net 6 GND))
    (pad 1 smd roundrect (at -2.6 0 270) (size 3.2 4.45) (layers F.Cu F.Paste F.Mask) (roundrect_rratio 0.078125)
      (net 5 "Net-(C1-Pad1)"))
    (model ${KISYS3DMOD}/Capacitor_SMD.3dshapes/C_2816_7142Metric.wrl
      (at (xyz 0 0 0))
      (scale (xyz 1 1 1))
      (rotate (xyz 0 0 0))
    )
  )

  (module Capacitor_SMD:C_2816_7142Metric_Pad3.20x4.45mm_HandSolder (layer F.Cu) (tedit 5B341556) (tstamp 5CA84A5F)
    (at 142.585133 27.273698 270)
    (descr "Capacitor SMD 2816 (7142 Metric), square (rectangular) end terminal, IPC_7351 nominal with elongated pad for handsoldering. (Body size from: https://www.vishay.com/docs/30100/wsl.pdf), generated with kicad-footprint-generator")
    (tags "capacitor handsolder")
    (path /5CDA2527)
    (attr smd)
    (fp_text reference C2 (at 0 -3.18 270) (layer F.SilkS)
      (effects (font (size 1 1) (thickness 0.15)))
    )
    (fp_text value 33uF (at 0 3.18 270) (layer F.Fab)
      (effects (font (size 1 1) (thickness 0.15)))
    )
    (fp_text user %R (at 0 0 270) (layer F.Fab)
      (effects (font (size 1 1) (thickness 0.15)))
    )
    (fp_line (start 4.45 2.48) (end -4.45 2.48) (layer F.CrtYd) (width 0.05))
    (fp_line (start 4.45 -2.48) (end 4.45 2.48) (layer F.CrtYd) (width 0.05))
    (fp_line (start -4.45 -2.48) (end 4.45 -2.48) (layer F.CrtYd) (width 0.05))
    (fp_line (start -4.45 2.48) (end -4.45 -2.48) (layer F.CrtYd) (width 0.05))
    (fp_line (start -0.797369 2.21) (end 0.797369 2.21) (layer F.SilkS) (width 0.12))
    (fp_line (start -0.797369 -2.21) (end 0.797369 -2.21) (layer F.SilkS) (width 0.12))
    (fp_line (start 3.55 2.1) (end -3.55 2.1) (layer F.Fab) (width 0.1))
    (fp_line (start 3.55 -2.1) (end 3.55 2.1) (layer F.Fab) (width 0.1))
    (fp_line (start -3.55 -2.1) (end 3.55 -2.1) (layer F.Fab) (width 0.1))
    (fp_line (start -3.55 2.1) (end -3.55 -2.1) (layer F.Fab) (width 0.1))
    (pad 2 smd roundrect (at 2.6 0 270) (size 3.2 4.45) (layers F.Cu F.Paste F.Mask) (roundrect_rratio 0.078125)
      (net 6 GND))
    (pad 1 smd roundrect (at -2.6 0 270) (size 3.2 4.45) (layers F.Cu F.Paste F.Mask) (roundrect_rratio 0.078125)
      (net 7 "Net-(C2-Pad1)"))
    (model ${KISYS3DMOD}/Capacitor_SMD.3dshapes/C_2816_7142Metric.wrl
      (at (xyz 0 0 0))
      (scale (xyz 1 1 1))
      (rotate (xyz 0 0 0))
    )
  )

  (module Capacitor_SMD:C_2816_7142Metric_Pad3.20x4.45mm_HandSolder (layer F.Cu) (tedit 5B341556) (tstamp 5CA7E2DC)
    (at 153.67 80.01 270)
    (descr "Capacitor SMD 2816 (7142 Metric), square (rectangular) end terminal, IPC_7351 nominal with elongated pad for handsoldering. (Body size from: https://www.vishay.com/docs/30100/wsl.pdf), generated with kicad-footprint-generator")
    (tags "capacitor handsolder")
    (path /5CD0CAEF)
    (attr smd)
    (fp_text reference C3 (at 0 -3.18 270) (layer F.SilkS)
      (effects (font (size 1 1) (thickness 0.15)))
    )
    (fp_text value 33uF (at 0 3.18 270) (layer F.Fab)
      (effects (font (size 1 1) (thickness 0.15)))
    )
    (fp_line (start -3.55 2.1) (end -3.55 -2.1) (layer F.Fab) (width 0.1))
    (fp_line (start -3.55 -2.1) (end 3.55 -2.1) (layer F.Fab) (width 0.1))
    (fp_line (start 3.55 -2.1) (end 3.55 2.1) (layer F.Fab) (width 0.1))
    (fp_line (start 3.55 2.1) (end -3.55 2.1) (layer F.Fab) (width 0.1))
    (fp_line (start -0.797369 -2.21) (end 0.797369 -2.21) (layer F.SilkS) (width 0.12))
    (fp_line (start -0.797369 2.21) (end 0.797369 2.21) (layer F.SilkS) (width 0.12))
    (fp_line (start -4.45 2.48) (end -4.45 -2.48) (layer F.CrtYd) (width 0.05))
    (fp_line (start -4.45 -2.48) (end 4.45 -2.48) (layer F.CrtYd) (width 0.05))
    (fp_line (start 4.45 -2.48) (end 4.45 2.48) (layer F.CrtYd) (width 0.05))
    (fp_line (start 4.45 2.48) (end -4.45 2.48) (layer F.CrtYd) (width 0.05))
    (fp_text user %R (at 0 0 270) (layer F.Fab)
      (effects (font (size 1 1) (thickness 0.15)))
    )
    (pad 1 smd roundrect (at -2.6 0 270) (size 3.2 4.45) (layers F.Cu F.Paste F.Mask) (roundrect_rratio 0.078125)
      (net 8 "Net-(C3-Pad1)"))
    (pad 2 smd roundrect (at 2.6 0 270) (size 3.2 4.45) (layers F.Cu F.Paste F.Mask) (roundrect_rratio 0.078125)
      (net 6 GND))
    (model ${KISYS3DMOD}/Capacitor_SMD.3dshapes/C_2816_7142Metric.wrl
      (at (xyz 0 0 0))
      (scale (xyz 1 1 1))
      (rotate (xyz 0 0 0))
    )
  )

  (module Capacitor_SMD:C_0805_2012Metric_Pad1.15x1.40mm_HandSolder (layer F.Cu) (tedit 5B36C52B) (tstamp 5CA7E2ED)
    (at 215.9 39.37 90)
    (descr "Capacitor SMD 0805 (2012 Metric), square (rectangular) end terminal, IPC_7351 nominal with elongated pad for handsoldering. (Body size source: https://docs.google.com/spreadsheets/d/1BsfQQcO9C6DZCsRaXUlFlo91Tg2WpOkGARC1WS5S8t0/edit?usp=sharing), generated with kicad-footprint-generator")
    (tags "capacitor handsolder")
    (path /5CE6E93B)
    (attr smd)
    (fp_text reference C4 (at 0 -1.65 90) (layer F.SilkS)
      (effects (font (size 1 1) (thickness 0.15)))
    )
    (fp_text value 1uF (at 0 1.65 90) (layer F.Fab)
      (effects (font (size 1 1) (thickness 0.15)))
    )
    (fp_text user %R (at 0 0 90) (layer F.Fab)
      (effects (font (size 0.5 0.5) (thickness 0.08)))
    )
    (fp_line (start 1.85 0.95) (end -1.85 0.95) (layer F.CrtYd) (width 0.05))
    (fp_line (start 1.85 -0.95) (end 1.85 0.95) (layer F.CrtYd) (width 0.05))
    (fp_line (start -1.85 -0.95) (end 1.85 -0.95) (layer F.CrtYd) (width 0.05))
    (fp_line (start -1.85 0.95) (end -1.85 -0.95) (layer F.CrtYd) (width 0.05))
    (fp_line (start -0.261252 0.71) (end 0.261252 0.71) (layer F.SilkS) (width 0.12))
    (fp_line (start -0.261252 -0.71) (end 0.261252 -0.71) (layer F.SilkS) (width 0.12))
    (fp_line (start 1 0.6) (end -1 0.6) (layer F.Fab) (width 0.1))
    (fp_line (start 1 -0.6) (end 1 0.6) (layer F.Fab) (width 0.1))
    (fp_line (start -1 -0.6) (end 1 -0.6) (layer F.Fab) (width 0.1))
    (fp_line (start -1 0.6) (end -1 -0.6) (layer F.Fab) (width 0.1))
    (pad 2 smd roundrect (at 1.025 0 90) (size 1.15 1.4) (layers F.Cu F.Paste F.Mask) (roundrect_rratio 0.217391)
      (net 6 GND))
    (pad 1 smd roundrect (at -1.025 0 90) (size 1.15 1.4) (layers F.Cu F.Paste F.Mask) (roundrect_rratio 0.217391)
      (net 9 "Net-(C4-Pad1)"))
    (model ${KISYS3DMOD}/Capacitor_SMD.3dshapes/C_0805_2012Metric.wrl
      (at (xyz 0 0 0))
      (scale (xyz 1 1 1))
      (rotate (xyz 0 0 0))
    )
  )

  (module Capacitor_SMD:C_0805_2012Metric_Pad1.15x1.40mm_HandSolder (layer F.Cu) (tedit 5B36C52B) (tstamp 5CA7E2FE)
    (at 219.71 39.37 90)
    (descr "Capacitor SMD 0805 (2012 Metric), square (rectangular) end terminal, IPC_7351 nominal with elongated pad for handsoldering. (Body size source: https://docs.google.com/spreadsheets/d/1BsfQQcO9C6DZCsRaXUlFlo91Tg2WpOkGARC1WS5S8t0/edit?usp=sharing), generated with kicad-footprint-generator")
    (tags "capacitor handsolder")
    (path /5CEA719A)
    (attr smd)
    (fp_text reference C5 (at 0 -1.65 90) (layer F.SilkS)
      (effects (font (size 1 1) (thickness 0.15)))
    )
    (fp_text value 10uF (at 0 1.65 90) (layer F.Fab)
      (effects (font (size 1 1) (thickness 0.15)))
    )
    (fp_line (start -1 0.6) (end -1 -0.6) (layer F.Fab) (width 0.1))
    (fp_line (start -1 -0.6) (end 1 -0.6) (layer F.Fab) (width 0.1))
    (fp_line (start 1 -0.6) (end 1 0.6) (layer F.Fab) (width 0.1))
    (fp_line (start 1 0.6) (end -1 0.6) (layer F.Fab) (width 0.1))
    (fp_line (start -0.261252 -0.71) (end 0.261252 -0.71) (layer F.SilkS) (width 0.12))
    (fp_line (start -0.261252 0.71) (end 0.261252 0.71) (layer F.SilkS) (width 0.12))
    (fp_line (start -1.85 0.95) (end -1.85 -0.95) (layer F.CrtYd) (width 0.05))
    (fp_line (start -1.85 -0.95) (end 1.85 -0.95) (layer F.CrtYd) (width 0.05))
    (fp_line (start 1.85 -0.95) (end 1.85 0.95) (layer F.CrtYd) (width 0.05))
    (fp_line (start 1.85 0.95) (end -1.85 0.95) (layer F.CrtYd) (width 0.05))
    (fp_text user %R (at 0 0 90) (layer F.Fab)
      (effects (font (size 0.5 0.5) (thickness 0.08)))
    )
    (pad 1 smd roundrect (at -1.025 0 90) (size 1.15 1.4) (layers F.Cu F.Paste F.Mask) (roundrect_rratio 0.217391)
      (net 9 "Net-(C4-Pad1)"))
    (pad 2 smd roundrect (at 1.025 0 90) (size 1.15 1.4) (layers F.Cu F.Paste F.Mask) (roundrect_rratio 0.217391)
      (net 6 GND))
    (model ${KISYS3DMOD}/Capacitor_SMD.3dshapes/C_0805_2012Metric.wrl
      (at (xyz 0 0 0))
      (scale (xyz 1 1 1))
      (rotate (xyz 0 0 0))
    )
  )

  (module Capacitor_SMD:C_0805_2012Metric_Pad1.15x1.40mm_HandSolder (layer F.Cu) (tedit 5B36C52B) (tstamp 5CA85C83)
    (at 238.76 80.01 270)
    (descr "Capacitor SMD 0805 (2012 Metric), square (rectangular) end terminal, IPC_7351 nominal with elongated pad for handsoldering. (Body size source: https://docs.google.com/spreadsheets/d/1BsfQQcO9C6DZCsRaXUlFlo91Tg2WpOkGARC1WS5S8t0/edit?usp=sharing), generated with kicad-footprint-generator")
    (tags "capacitor handsolder")
    (path /5CCA7AE7)
    (attr smd)
    (fp_text reference C6 (at 0 -1.65 270) (layer F.SilkS)
      (effects (font (size 1 1) (thickness 0.15)))
    )
    (fp_text value 1uF (at 0 1.65 270) (layer F.Fab)
      (effects (font (size 1 1) (thickness 0.15)))
    )
    (fp_line (start -1 0.6) (end -1 -0.6) (layer F.Fab) (width 0.1))
    (fp_line (start -1 -0.6) (end 1 -0.6) (layer F.Fab) (width 0.1))
    (fp_line (start 1 -0.6) (end 1 0.6) (layer F.Fab) (width 0.1))
    (fp_line (start 1 0.6) (end -1 0.6) (layer F.Fab) (width 0.1))
    (fp_line (start -0.261252 -0.71) (end 0.261252 -0.71) (layer F.SilkS) (width 0.12))
    (fp_line (start -0.261252 0.71) (end 0.261252 0.71) (layer F.SilkS) (width 0.12))
    (fp_line (start -1.85 0.95) (end -1.85 -0.95) (layer F.CrtYd) (width 0.05))
    (fp_line (start -1.85 -0.95) (end 1.85 -0.95) (layer F.CrtYd) (width 0.05))
    (fp_line (start 1.85 -0.95) (end 1.85 0.95) (layer F.CrtYd) (width 0.05))
    (fp_line (start 1.85 0.95) (end -1.85 0.95) (layer F.CrtYd) (width 0.05))
    (fp_text user %R (at 0 0 270) (layer F.Fab)
      (effects (font (size 0.5 0.5) (thickness 0.08)))
    )
    (pad 1 smd roundrect (at -1.025 0 270) (size 1.15 1.4) (layers F.Cu F.Paste F.Mask) (roundrect_rratio 0.217391)
      (net 10 "Net-(C6-Pad1)"))
    (pad 2 smd roundrect (at 1.025 0 270) (size 1.15 1.4) (layers F.Cu F.Paste F.Mask) (roundrect_rratio 0.217391)
      (net 6 GND))
    (model ${KISYS3DMOD}/Capacitor_SMD.3dshapes/C_0805_2012Metric.wrl
      (at (xyz 0 0 0))
      (scale (xyz 1 1 1))
      (rotate (xyz 0 0 0))
    )
  )

  (module Capacitor_SMD:C_Elec_8x10.2 (layer F.Cu) (tedit 5BC8D926) (tstamp 5CA7E333)
    (at 208.28 38.1 90)
    (descr "SMD capacitor, aluminum electrolytic nonpolar, 8.0x10.2mm")
    (tags "capacitor electrolyic nonpolar")
    (path /5CEA721A)
    (attr smd)
    (fp_text reference C7 (at 0 -5.2 90) (layer F.SilkS)
      (effects (font (size 1 1) (thickness 0.15)))
    )
    (fp_text value 5000uF (at 0 5.2 90) (layer F.Fab)
      (effects (font (size 1 1) (thickness 0.15)))
    )
    (fp_text user %R (at 0 0 90) (layer F.Fab)
      (effects (font (size 1 1) (thickness 0.15)))
    )
    (fp_line (start -6.1 1.3) (end -4.4 1.3) (layer F.CrtYd) (width 0.05))
    (fp_line (start -6.1 -1.3) (end -6.1 1.3) (layer F.CrtYd) (width 0.05))
    (fp_line (start -4.4 -1.3) (end -6.1 -1.3) (layer F.CrtYd) (width 0.05))
    (fp_line (start -4.4 1.3) (end -4.4 3.25) (layer F.CrtYd) (width 0.05))
    (fp_line (start -4.4 -3.25) (end -4.4 -1.3) (layer F.CrtYd) (width 0.05))
    (fp_line (start -4.4 -3.25) (end -3.25 -4.4) (layer F.CrtYd) (width 0.05))
    (fp_line (start -4.4 3.25) (end -3.25 4.4) (layer F.CrtYd) (width 0.05))
    (fp_line (start -3.25 -4.4) (end 4.4 -4.4) (layer F.CrtYd) (width 0.05))
    (fp_line (start -3.25 4.4) (end 4.4 4.4) (layer F.CrtYd) (width 0.05))
    (fp_line (start 4.4 1.3) (end 4.4 4.4) (layer F.CrtYd) (width 0.05))
    (fp_line (start 6.1 1.3) (end 4.4 1.3) (layer F.CrtYd) (width 0.05))
    (fp_line (start 6.1 -1.3) (end 6.1 1.3) (layer F.CrtYd) (width 0.05))
    (fp_line (start 4.4 -1.3) (end 6.1 -1.3) (layer F.CrtYd) (width 0.05))
    (fp_line (start 4.4 -4.4) (end 4.4 -1.3) (layer F.CrtYd) (width 0.05))
    (fp_line (start -4.26 3.195563) (end -3.195563 4.26) (layer F.SilkS) (width 0.12))
    (fp_line (start -4.26 -3.195563) (end -3.195563 -4.26) (layer F.SilkS) (width 0.12))
    (fp_line (start -4.26 -3.195563) (end -4.26 -1.31) (layer F.SilkS) (width 0.12))
    (fp_line (start -4.26 3.195563) (end -4.26 1.31) (layer F.SilkS) (width 0.12))
    (fp_line (start -3.195563 4.26) (end 4.26 4.26) (layer F.SilkS) (width 0.12))
    (fp_line (start -3.195563 -4.26) (end 4.26 -4.26) (layer F.SilkS) (width 0.12))
    (fp_line (start 4.26 -4.26) (end 4.26 -1.31) (layer F.SilkS) (width 0.12))
    (fp_line (start 4.26 4.26) (end 4.26 1.31) (layer F.SilkS) (width 0.12))
    (fp_line (start -4.15 3.15) (end -3.15 4.15) (layer F.Fab) (width 0.1))
    (fp_line (start -4.15 -3.15) (end -3.15 -4.15) (layer F.Fab) (width 0.1))
    (fp_line (start -4.15 -3.15) (end -4.15 3.15) (layer F.Fab) (width 0.1))
    (fp_line (start -3.15 4.15) (end 4.15 4.15) (layer F.Fab) (width 0.1))
    (fp_line (start -3.15 -4.15) (end 4.15 -4.15) (layer F.Fab) (width 0.1))
    (fp_line (start 4.15 -4.15) (end 4.15 4.15) (layer F.Fab) (width 0.1))
    (fp_circle (center 0 0) (end 4 0) (layer F.Fab) (width 0.1))
    (pad 2 smd roundrect (at 3.6 0 90) (size 4.5 2.1) (layers F.Cu F.Paste F.Mask) (roundrect_rratio 0.119048)
      (net 6 GND))
    (pad 1 smd roundrect (at -3.6 0 90) (size 4.5 2.1) (layers F.Cu F.Paste F.Mask) (roundrect_rratio 0.119048)
      (net 9 "Net-(C4-Pad1)"))
    (model ${KISYS3DMOD}/Capacitor_SMD.3dshapes/C_Elec_8x10.2.wrl
      (at (xyz 0 0 0))
      (scale (xyz 1 1 1))
      (rotate (xyz 0 0 0))
    )
  )

  (module Capacitor_SMD:C_0805_2012Metric_Pad1.15x1.40mm_HandSolder (layer F.Cu) (tedit 5B36C52B) (tstamp 5CA7E344)
    (at 234.95 80.01 270)
    (descr "Capacitor SMD 0805 (2012 Metric), square (rectangular) end terminal, IPC_7351 nominal with elongated pad for handsoldering. (Body size source: https://docs.google.com/spreadsheets/d/1BsfQQcO9C6DZCsRaXUlFlo91Tg2WpOkGARC1WS5S8t0/edit?usp=sharing), generated with kicad-footprint-generator")
    (tags "capacitor handsolder")
    (path /5CCA7BA7)
    (attr smd)
    (fp_text reference C8 (at 0 -1.65 270) (layer F.SilkS)
      (effects (font (size 1 1) (thickness 0.15)))
    )
    (fp_text value 10uF (at 0 1.65 270) (layer F.Fab)
      (effects (font (size 1 1) (thickness 0.15)))
    )
    (fp_text user %R (at 0 0 270) (layer F.Fab)
      (effects (font (size 0.5 0.5) (thickness 0.08)))
    )
    (fp_line (start 1.85 0.95) (end -1.85 0.95) (layer F.CrtYd) (width 0.05))
    (fp_line (start 1.85 -0.95) (end 1.85 0.95) (layer F.CrtYd) (width 0.05))
    (fp_line (start -1.85 -0.95) (end 1.85 -0.95) (layer F.CrtYd) (width 0.05))
    (fp_line (start -1.85 0.95) (end -1.85 -0.95) (layer F.CrtYd) (width 0.05))
    (fp_line (start -0.261252 0.71) (end 0.261252 0.71) (layer F.SilkS) (width 0.12))
    (fp_line (start -0.261252 -0.71) (end 0.261252 -0.71) (layer F.SilkS) (width 0.12))
    (fp_line (start 1 0.6) (end -1 0.6) (layer F.Fab) (width 0.1))
    (fp_line (start 1 -0.6) (end 1 0.6) (layer F.Fab) (width 0.1))
    (fp_line (start -1 -0.6) (end 1 -0.6) (layer F.Fab) (width 0.1))
    (fp_line (start -1 0.6) (end -1 -0.6) (layer F.Fab) (width 0.1))
    (pad 2 smd roundrect (at 1.025 0 270) (size 1.15 1.4) (layers F.Cu F.Paste F.Mask) (roundrect_rratio 0.217391)
      (net 6 GND))
    (pad 1 smd roundrect (at -1.025 0 270) (size 1.15 1.4) (layers F.Cu F.Paste F.Mask) (roundrect_rratio 0.217391)
      (net 10 "Net-(C6-Pad1)"))
    (model ${KISYS3DMOD}/Capacitor_SMD.3dshapes/C_0805_2012Metric.wrl
      (at (xyz 0 0 0))
      (scale (xyz 1 1 1))
      (rotate (xyz 0 0 0))
    )
  )

  (module Capacitor_SMD:C_Elec_8x10.2 (layer F.Cu) (tedit 5BC8D926) (tstamp 5CA7E368)
    (at 227.33 80.01 270)
    (descr "SMD capacitor, aluminum electrolytic nonpolar, 8.0x10.2mm")
    (tags "capacitor electrolyic nonpolar")
    (path /5CCAF9E0)
    (attr smd)
    (fp_text reference C9 (at 0 -5.2 270) (layer F.SilkS)
      (effects (font (size 1 1) (thickness 0.15)))
    )
    (fp_text value 5000uF (at 0 5.2 270) (layer F.Fab)
      (effects (font (size 1 1) (thickness 0.15)))
    )
    (fp_circle (center 0 0) (end 4 0) (layer F.Fab) (width 0.1))
    (fp_line (start 4.15 -4.15) (end 4.15 4.15) (layer F.Fab) (width 0.1))
    (fp_line (start -3.15 -4.15) (end 4.15 -4.15) (layer F.Fab) (width 0.1))
    (fp_line (start -3.15 4.15) (end 4.15 4.15) (layer F.Fab) (width 0.1))
    (fp_line (start -4.15 -3.15) (end -4.15 3.15) (layer F.Fab) (width 0.1))
    (fp_line (start -4.15 -3.15) (end -3.15 -4.15) (layer F.Fab) (width 0.1))
    (fp_line (start -4.15 3.15) (end -3.15 4.15) (layer F.Fab) (width 0.1))
    (fp_line (start 4.26 4.26) (end 4.26 1.31) (layer F.SilkS) (width 0.12))
    (fp_line (start 4.26 -4.26) (end 4.26 -1.31) (layer F.SilkS) (width 0.12))
    (fp_line (start -3.195563 -4.26) (end 4.26 -4.26) (layer F.SilkS) (width 0.12))
    (fp_line (start -3.195563 4.26) (end 4.26 4.26) (layer F.SilkS) (width 0.12))
    (fp_line (start -4.26 3.195563) (end -4.26 1.31) (layer F.SilkS) (width 0.12))
    (fp_line (start -4.26 -3.195563) (end -4.26 -1.31) (layer F.SilkS) (width 0.12))
    (fp_line (start -4.26 -3.195563) (end -3.195563 -4.26) (layer F.SilkS) (width 0.12))
    (fp_line (start -4.26 3.195563) (end -3.195563 4.26) (layer F.SilkS) (width 0.12))
    (fp_line (start 4.4 -4.4) (end 4.4 -1.3) (layer F.CrtYd) (width 0.05))
    (fp_line (start 4.4 -1.3) (end 6.1 -1.3) (layer F.CrtYd) (width 0.05))
    (fp_line (start 6.1 -1.3) (end 6.1 1.3) (layer F.CrtYd) (width 0.05))
    (fp_line (start 6.1 1.3) (end 4.4 1.3) (layer F.CrtYd) (width 0.05))
    (fp_line (start 4.4 1.3) (end 4.4 4.4) (layer F.CrtYd) (width 0.05))
    (fp_line (start -3.25 4.4) (end 4.4 4.4) (layer F.CrtYd) (width 0.05))
    (fp_line (start -3.25 -4.4) (end 4.4 -4.4) (layer F.CrtYd) (width 0.05))
    (fp_line (start -4.4 3.25) (end -3.25 4.4) (layer F.CrtYd) (width 0.05))
    (fp_line (start -4.4 -3.25) (end -3.25 -4.4) (layer F.CrtYd) (width 0.05))
    (fp_line (start -4.4 -3.25) (end -4.4 -1.3) (layer F.CrtYd) (width 0.05))
    (fp_line (start -4.4 1.3) (end -4.4 3.25) (layer F.CrtYd) (width 0.05))
    (fp_line (start -4.4 -1.3) (end -6.1 -1.3) (layer F.CrtYd) (width 0.05))
    (fp_line (start -6.1 -1.3) (end -6.1 1.3) (layer F.CrtYd) (width 0.05))
    (fp_line (start -6.1 1.3) (end -4.4 1.3) (layer F.CrtYd) (width 0.05))
    (fp_text user %R (at 0 0 270) (layer F.Fab)
      (effects (font (size 1 1) (thickness 0.15)))
    )
    (pad 1 smd roundrect (at -3.6 0 270) (size 4.5 2.1) (layers F.Cu F.Paste F.Mask) (roundrect_rratio 0.119048)
      (net 10 "Net-(C6-Pad1)"))
    (pad 2 smd roundrect (at 3.6 0 270) (size 4.5 2.1) (layers F.Cu F.Paste F.Mask) (roundrect_rratio 0.119048)
      (net 6 GND))
    (model ${KISYS3DMOD}/Capacitor_SMD.3dshapes/C_Elec_8x10.2.wrl
      (at (xyz 0 0 0))
      (scale (xyz 1 1 1))
      (rotate (xyz 0 0 0))
    )
  )

  (module Capacitor_SMD:C_2816_7142Metric_Pad3.20x4.45mm_HandSolder (layer F.Cu) (tedit 5B341556) (tstamp 5CA7E379)
    (at -100.924999 162.215001)
    (descr "Capacitor SMD 2816 (7142 Metric), square (rectangular) end terminal, IPC_7351 nominal with elongated pad for handsoldering. (Body size from: https://www.vishay.com/docs/30100/wsl.pdf), generated with kicad-footprint-generator")
    (tags "capacitor handsolder")
    (path /5C93D53B/5D661FA6)
    (attr smd)
    (fp_text reference C18 (at 0 -3.18) (layer F.SilkS)
      (effects (font (size 1 1) (thickness 0.15)))
    )
    (fp_text value 33uF (at 0 3.18) (layer F.Fab)
      (effects (font (size 1 1) (thickness 0.15)))
    )
    (fp_line (start -3.55 2.1) (end -3.55 -2.1) (layer F.Fab) (width 0.1))
    (fp_line (start -3.55 -2.1) (end 3.55 -2.1) (layer F.Fab) (width 0.1))
    (fp_line (start 3.55 -2.1) (end 3.55 2.1) (layer F.Fab) (width 0.1))
    (fp_line (start 3.55 2.1) (end -3.55 2.1) (layer F.Fab) (width 0.1))
    (fp_line (start -0.797369 -2.21) (end 0.797369 -2.21) (layer F.SilkS) (width 0.12))
    (fp_line (start -0.797369 2.21) (end 0.797369 2.21) (layer F.SilkS) (width 0.12))
    (fp_line (start -4.45 2.48) (end -4.45 -2.48) (layer F.CrtYd) (width 0.05))
    (fp_line (start -4.45 -2.48) (end 4.45 -2.48) (layer F.CrtYd) (width 0.05))
    (fp_line (start 4.45 -2.48) (end 4.45 2.48) (layer F.CrtYd) (width 0.05))
    (fp_line (start 4.45 2.48) (end -4.45 2.48) (layer F.CrtYd) (width 0.05))
    (fp_text user %R (at 0 0) (layer F.Fab)
      (effects (font (size 1 1) (thickness 0.15)))
    )
    (pad 1 smd roundrect (at -2.6 0) (size 3.2 4.45) (layers F.Cu F.Paste F.Mask) (roundrect_rratio 0.078125)
      (net 11 "Net-(C18-Pad1)"))
    (pad 2 smd roundrect (at 2.6 0) (size 3.2 4.45) (layers F.Cu F.Paste F.Mask) (roundrect_rratio 0.078125)
      (net 6 GND))
    (model ${KISYS3DMOD}/Capacitor_SMD.3dshapes/C_2816_7142Metric.wrl
      (at (xyz 0 0 0))
      (scale (xyz 1 1 1))
      (rotate (xyz 0 0 0))
    )
  )

  (module Capacitor_SMD:C_0805_2012Metric_Pad1.15x1.40mm_HandSolder (layer F.Cu) (tedit 5B36C52B) (tstamp 5CA7E38A)
    (at -65.094999 154.835001)
    (descr "Capacitor SMD 0805 (2012 Metric), square (rectangular) end terminal, IPC_7351 nominal with elongated pad for handsoldering. (Body size source: https://docs.google.com/spreadsheets/d/1BsfQQcO9C6DZCsRaXUlFlo91Tg2WpOkGARC1WS5S8t0/edit?usp=sharing), generated with kicad-footprint-generator")
    (tags "capacitor handsolder")
    (path /5C93D53B/5D651E88)
    (attr smd)
    (fp_text reference C19 (at 0 -1.65) (layer F.SilkS)
      (effects (font (size 1 1) (thickness 0.15)))
    )
    (fp_text value 1uF (at 0 1.65) (layer F.Fab)
      (effects (font (size 1 1) (thickness 0.15)))
    )
    (fp_text user %R (at 0 0) (layer F.Fab)
      (effects (font (size 0.5 0.5) (thickness 0.08)))
    )
    (fp_line (start 1.85 0.95) (end -1.85 0.95) (layer F.CrtYd) (width 0.05))
    (fp_line (start 1.85 -0.95) (end 1.85 0.95) (layer F.CrtYd) (width 0.05))
    (fp_line (start -1.85 -0.95) (end 1.85 -0.95) (layer F.CrtYd) (width 0.05))
    (fp_line (start -1.85 0.95) (end -1.85 -0.95) (layer F.CrtYd) (width 0.05))
    (fp_line (start -0.261252 0.71) (end 0.261252 0.71) (layer F.SilkS) (width 0.12))
    (fp_line (start -0.261252 -0.71) (end 0.261252 -0.71) (layer F.SilkS) (width 0.12))
    (fp_line (start 1 0.6) (end -1 0.6) (layer F.Fab) (width 0.1))
    (fp_line (start 1 -0.6) (end 1 0.6) (layer F.Fab) (width 0.1))
    (fp_line (start -1 -0.6) (end 1 -0.6) (layer F.Fab) (width 0.1))
    (fp_line (start -1 0.6) (end -1 -0.6) (layer F.Fab) (width 0.1))
    (pad 2 smd roundrect (at 1.025 0) (size 1.15 1.4) (layers F.Cu F.Paste F.Mask) (roundrect_rratio 0.217391)
      (net 6 GND))
    (pad 1 smd roundrect (at -1.025 0) (size 1.15 1.4) (layers F.Cu F.Paste F.Mask) (roundrect_rratio 0.217391)
      (net 12 "Net-(C19-Pad1)"))
    (model ${KISYS3DMOD}/Capacitor_SMD.3dshapes/C_0805_2012Metric.wrl
      (at (xyz 0 0 0))
      (scale (xyz 1 1 1))
      (rotate (xyz 0 0 0))
    )
  )

  (module Capacitor_SMD:C_0805_2012Metric_Pad1.15x1.40mm_HandSolder (layer F.Cu) (tedit 5B36C52B) (tstamp 5CA7E39B)
    (at -61.344999 154.835001)
    (descr "Capacitor SMD 0805 (2012 Metric), square (rectangular) end terminal, IPC_7351 nominal with elongated pad for handsoldering. (Body size source: https://docs.google.com/spreadsheets/d/1BsfQQcO9C6DZCsRaXUlFlo91Tg2WpOkGARC1WS5S8t0/edit?usp=sharing), generated with kicad-footprint-generator")
    (tags "capacitor handsolder")
    (path /5C93D53B/5D651E8F)
    (attr smd)
    (fp_text reference C20 (at 0 -1.65) (layer F.SilkS)
      (effects (font (size 1 1) (thickness 0.15)))
    )
    (fp_text value 10uF (at 0 1.65) (layer F.Fab)
      (effects (font (size 1 1) (thickness 0.15)))
    )
    (fp_line (start -1 0.6) (end -1 -0.6) (layer F.Fab) (width 0.1))
    (fp_line (start -1 -0.6) (end 1 -0.6) (layer F.Fab) (width 0.1))
    (fp_line (start 1 -0.6) (end 1 0.6) (layer F.Fab) (width 0.1))
    (fp_line (start 1 0.6) (end -1 0.6) (layer F.Fab) (width 0.1))
    (fp_line (start -0.261252 -0.71) (end 0.261252 -0.71) (layer F.SilkS) (width 0.12))
    (fp_line (start -0.261252 0.71) (end 0.261252 0.71) (layer F.SilkS) (width 0.12))
    (fp_line (start -1.85 0.95) (end -1.85 -0.95) (layer F.CrtYd) (width 0.05))
    (fp_line (start -1.85 -0.95) (end 1.85 -0.95) (layer F.CrtYd) (width 0.05))
    (fp_line (start 1.85 -0.95) (end 1.85 0.95) (layer F.CrtYd) (width 0.05))
    (fp_line (start 1.85 0.95) (end -1.85 0.95) (layer F.CrtYd) (width 0.05))
    (fp_text user %R (at 0 0) (layer F.Fab)
      (effects (font (size 0.5 0.5) (thickness 0.08)))
    )
    (pad 1 smd roundrect (at -1.025 0) (size 1.15 1.4) (layers F.Cu F.Paste F.Mask) (roundrect_rratio 0.217391)
      (net 12 "Net-(C19-Pad1)"))
    (pad 2 smd roundrect (at 1.025 0) (size 1.15 1.4) (layers F.Cu F.Paste F.Mask) (roundrect_rratio 0.217391)
      (net 6 GND))
    (model ${KISYS3DMOD}/Capacitor_SMD.3dshapes/C_0805_2012Metric.wrl
      (at (xyz 0 0 0))
      (scale (xyz 1 1 1))
      (rotate (xyz 0 0 0))
    )
  )

  (module Capacitor_SMD:C_Elec_8x10.2 (layer F.Cu) (tedit 5BC8D926) (tstamp 5CA88529)
    (at -120.874999 156.185001)
    (descr "SMD capacitor, aluminum electrolytic nonpolar, 8.0x10.2mm")
    (tags "capacitor electrolyic nonpolar")
    (path /5C93D53B/5D651E96)
    (attr smd)
    (fp_text reference C21 (at 0 -5.2) (layer F.SilkS)
      (effects (font (size 1 1) (thickness 0.15)))
    )
    (fp_text value 5000uF (at 0 5.2) (layer F.Fab)
      (effects (font (size 1 1) (thickness 0.15)))
    )
    (fp_text user %R (at 0 0) (layer F.Fab)
      (effects (font (size 1 1) (thickness 0.15)))
    )
    (fp_line (start -6.1 1.3) (end -4.4 1.3) (layer F.CrtYd) (width 0.05))
    (fp_line (start -6.1 -1.3) (end -6.1 1.3) (layer F.CrtYd) (width 0.05))
    (fp_line (start -4.4 -1.3) (end -6.1 -1.3) (layer F.CrtYd) (width 0.05))
    (fp_line (start -4.4 1.3) (end -4.4 3.25) (layer F.CrtYd) (width 0.05))
    (fp_line (start -4.4 -3.25) (end -4.4 -1.3) (layer F.CrtYd) (width 0.05))
    (fp_line (start -4.4 -3.25) (end -3.25 -4.4) (layer F.CrtYd) (width 0.05))
    (fp_line (start -4.4 3.25) (end -3.25 4.4) (layer F.CrtYd) (width 0.05))
    (fp_line (start -3.25 -4.4) (end 4.4 -4.4) (layer F.CrtYd) (width 0.05))
    (fp_line (start -3.25 4.4) (end 4.4 4.4) (layer F.CrtYd) (width 0.05))
    (fp_line (start 4.4 1.3) (end 4.4 4.4) (layer F.CrtYd) (width 0.05))
    (fp_line (start 6.1 1.3) (end 4.4 1.3) (layer F.CrtYd) (width 0.05))
    (fp_line (start 6.1 -1.3) (end 6.1 1.3) (layer F.CrtYd) (width 0.05))
    (fp_line (start 4.4 -1.3) (end 6.1 -1.3) (layer F.CrtYd) (width 0.05))
    (fp_line (start 4.4 -4.4) (end 4.4 -1.3) (layer F.CrtYd) (width 0.05))
    (fp_line (start -4.26 3.195563) (end -3.195563 4.26) (layer F.SilkS) (width 0.12))
    (fp_line (start -4.26 -3.195563) (end -3.195563 -4.26) (layer F.SilkS) (width 0.12))
    (fp_line (start -4.26 -3.195563) (end -4.26 -1.31) (layer F.SilkS) (width 0.12))
    (fp_line (start -4.26 3.195563) (end -4.26 1.31) (layer F.SilkS) (width 0.12))
    (fp_line (start -3.195563 4.26) (end 4.26 4.26) (layer F.SilkS) (width 0.12))
    (fp_line (start -3.195563 -4.26) (end 4.26 -4.26) (layer F.SilkS) (width 0.12))
    (fp_line (start 4.26 -4.26) (end 4.26 -1.31) (layer F.SilkS) (width 0.12))
    (fp_line (start 4.26 4.26) (end 4.26 1.31) (layer F.SilkS) (width 0.12))
    (fp_line (start -4.15 3.15) (end -3.15 4.15) (layer F.Fab) (width 0.1))
    (fp_line (start -4.15 -3.15) (end -3.15 -4.15) (layer F.Fab) (width 0.1))
    (fp_line (start -4.15 -3.15) (end -4.15 3.15) (layer F.Fab) (width 0.1))
    (fp_line (start -3.15 4.15) (end 4.15 4.15) (layer F.Fab) (width 0.1))
    (fp_line (start -3.15 -4.15) (end 4.15 -4.15) (layer F.Fab) (width 0.1))
    (fp_line (start 4.15 -4.15) (end 4.15 4.15) (layer F.Fab) (width 0.1))
    (fp_circle (center 0 0) (end 4 0) (layer F.Fab) (width 0.1))
    (pad 2 smd roundrect (at 3.6 0) (size 4.5 2.1) (layers F.Cu F.Paste F.Mask) (roundrect_rratio 0.119048)
      (net 6 GND))
    (pad 1 smd roundrect (at -3.6 0) (size 4.5 2.1) (layers F.Cu F.Paste F.Mask) (roundrect_rratio 0.119048)
      (net 12 "Net-(C19-Pad1)"))
    (model ${KISYS3DMOD}/Capacitor_SMD.3dshapes/C_Elec_8x10.2.wrl
      (at (xyz 0 0 0))
      (scale (xyz 1 1 1))
      (rotate (xyz 0 0 0))
    )
  )

  (module Diode_SMD:D_SMA_Handsoldering (layer F.Cu) (tedit 58643398) (tstamp 5CA7E3D7)
    (at 60.96 67.31)
    (descr "Diode SMA (DO-214AC) Handsoldering")
    (tags "Diode SMA (DO-214AC) Handsoldering")
    (path /5CAA53AE)
    (attr smd)
    (fp_text reference D1 (at 0 -2.5) (layer F.SilkS)
      (effects (font (size 1 1) (thickness 0.15)))
    )
    (fp_text value SS34 (at 0 2.6) (layer F.Fab)
      (effects (font (size 1 1) (thickness 0.15)))
    )
    (fp_text user %R (at 0 -2.5) (layer F.Fab)
      (effects (font (size 1 1) (thickness 0.15)))
    )
    (fp_line (start -4.4 -1.65) (end -4.4 1.65) (layer F.SilkS) (width 0.12))
    (fp_line (start 2.3 1.5) (end -2.3 1.5) (layer F.Fab) (width 0.1))
    (fp_line (start -2.3 1.5) (end -2.3 -1.5) (layer F.Fab) (width 0.1))
    (fp_line (start 2.3 -1.5) (end 2.3 1.5) (layer F.Fab) (width 0.1))
    (fp_line (start 2.3 -1.5) (end -2.3 -1.5) (layer F.Fab) (width 0.1))
    (fp_line (start -4.5 -1.75) (end 4.5 -1.75) (layer F.CrtYd) (width 0.05))
    (fp_line (start 4.5 -1.75) (end 4.5 1.75) (layer F.CrtYd) (width 0.05))
    (fp_line (start 4.5 1.75) (end -4.5 1.75) (layer F.CrtYd) (width 0.05))
    (fp_line (start -4.5 1.75) (end -4.5 -1.75) (layer F.CrtYd) (width 0.05))
    (fp_line (start -0.64944 0.00102) (end -1.55114 0.00102) (layer F.Fab) (width 0.1))
    (fp_line (start 0.50118 0.00102) (end 1.4994 0.00102) (layer F.Fab) (width 0.1))
    (fp_line (start -0.64944 -0.79908) (end -0.64944 0.80112) (layer F.Fab) (width 0.1))
    (fp_line (start 0.50118 0.75032) (end 0.50118 -0.79908) (layer F.Fab) (width 0.1))
    (fp_line (start -0.64944 0.00102) (end 0.50118 0.75032) (layer F.Fab) (width 0.1))
    (fp_line (start -0.64944 0.00102) (end 0.50118 -0.79908) (layer F.Fab) (width 0.1))
    (fp_line (start -4.4 1.65) (end 2.5 1.65) (layer F.SilkS) (width 0.12))
    (fp_line (start -4.4 -1.65) (end 2.5 -1.65) (layer F.SilkS) (width 0.12))
    (pad 1 smd rect (at -2.5 0) (size 3.5 1.8) (layers F.Cu F.Paste F.Mask)
      (net 14 /+Batt))
    (pad 2 smd rect (at 2.5 0) (size 3.5 1.8) (layers F.Cu F.Paste F.Mask)
      (net 13 "Net-(D1-Pad2)"))
    (model ${KISYS3DMOD}/Diode_SMD.3dshapes/D_SMA.wrl
      (at (xyz 0 0 0))
      (scale (xyz 1 1 1))
      (rotate (xyz 0 0 0))
    )
  )

  (module Diode_SMD:D_SMA_Handsoldering (layer F.Cu) (tedit 58643398) (tstamp 5CA7E3EF)
    (at 60.96 73.66)
    (descr "Diode SMA (DO-214AC) Handsoldering")
    (tags "Diode SMA (DO-214AC) Handsoldering")
    (path /5CB1B7B4)
    (attr smd)
    (fp_text reference D2 (at 0 -2.5) (layer F.SilkS)
      (effects (font (size 1 1) (thickness 0.15)))
    )
    (fp_text value SS34 (at 0 2.6) (layer F.Fab)
      (effects (font (size 1 1) (thickness 0.15)))
    )
    (fp_line (start -4.4 -1.65) (end 2.5 -1.65) (layer F.SilkS) (width 0.12))
    (fp_line (start -4.4 1.65) (end 2.5 1.65) (layer F.SilkS) (width 0.12))
    (fp_line (start -0.64944 0.00102) (end 0.50118 -0.79908) (layer F.Fab) (width 0.1))
    (fp_line (start -0.64944 0.00102) (end 0.50118 0.75032) (layer F.Fab) (width 0.1))
    (fp_line (start 0.50118 0.75032) (end 0.50118 -0.79908) (layer F.Fab) (width 0.1))
    (fp_line (start -0.64944 -0.79908) (end -0.64944 0.80112) (layer F.Fab) (width 0.1))
    (fp_line (start 0.50118 0.00102) (end 1.4994 0.00102) (layer F.Fab) (width 0.1))
    (fp_line (start -0.64944 0.00102) (end -1.55114 0.00102) (layer F.Fab) (width 0.1))
    (fp_line (start -4.5 1.75) (end -4.5 -1.75) (layer F.CrtYd) (width 0.05))
    (fp_line (start 4.5 1.75) (end -4.5 1.75) (layer F.CrtYd) (width 0.05))
    (fp_line (start 4.5 -1.75) (end 4.5 1.75) (layer F.CrtYd) (width 0.05))
    (fp_line (start -4.5 -1.75) (end 4.5 -1.75) (layer F.CrtYd) (width 0.05))
    (fp_line (start 2.3 -1.5) (end -2.3 -1.5) (layer F.Fab) (width 0.1))
