(kicad_pcb (version 20171130) (host pcbnew "(5.0.2)-1")

  (general
    (thickness 1.6)
    (drawings 29)
    (tracks 253)
    (zones 0)
    (modules 56)
    (nets 14)
  )

  (page A4)
  (layers
    (0 F.Cu signal)
    (31 B.Cu signal)
    (32 B.Adhes user)
    (33 F.Adhes user)
    (34 B.Paste user)
    (35 F.Paste user)
    (36 B.SilkS user)
    (37 F.SilkS user)
    (38 B.Mask user)
    (39 F.Mask user)
    (40 Dwgs.User user)
    (41 Cmts.User user)
    (42 Eco1.User user)
    (43 Eco2.User user)
    (44 Edge.Cuts user)
    (45 Margin user)
    (46 B.CrtYd user)
    (47 F.CrtYd user)
    (48 B.Fab user)
    (49 F.Fab user)
  )

  (setup
    (last_trace_width 0.25)
    (user_trace_width 0.5)
    (user_trace_width 1)
    (user_trace_width 2)
    (user_trace_width 3)
    (user_trace_width 4)
    (user_trace_width 5)
    (user_trace_width 6)
    (user_trace_width 7)
    (trace_clearance 0.2)
    (zone_clearance 0.508)
    (zone_45_only no)
    (trace_min 0.2)
    (segment_width 0.2)
    (edge_width 0.15)
    (via_size 0.8)
    (via_drill 0.4)
    (via_min_size 0.4)
    (via_min_drill 0.3)
    (user_via 1 0.9)
    (user_via 1.5 1.4)
    (user_via 2 1.9)
    (uvia_size 0.3)
    (uvia_drill 0.1)
    (uvias_allowed no)
    (uvia_min_size 0.2)
    (uvia_min_drill 0.1)
    (pcb_text_width 0.3)
    (pcb_text_size 1.5 1.5)
    (mod_edge_width 0.15)
    (mod_text_size 1 1)
    (mod_text_width 0.15)
    (pad_size 1.524 1.524)
    (pad_drill 0.762)
    (pad_to_mask_clearance 0.051)
    (solder_mask_min_width 0.25)
    (aux_axis_origin 0 0)
    (visible_elements 7FFFFFFF)
    (pcbplotparams
      (layerselection 0x010fc_ffffffff)
      (usegerberextensions false)
      (usegerberattributes false)
      (usegerberadvancedattributes false)
      (creategerberjobfile false)
      (excludeedgelayer true)
      (linewidth 0.100000)
      (plotframeref false)
      (viasonmask false)
      (mode 1)
      (useauxorigin false)
      (hpglpennumber 1)
      (hpglpenspeed 20)
      (hpglpendiameter 15.000000)
      (psnegative false)
      (psa4output false)
      (plotreference true)
      (plotvalue true)
      (plotinvisibletext false)
      (padsonsilk false)
      (subtractmaskfromsilk false)
      (outputformat 1)
      (mirror false)
      (drillshape 1)
      (scaleselection 1)
      (outputdirectory ""))
  )

  (net 0 "")
  (net 1 "Net-(C1-Pad2)")
  (net 2 "Net-(C1-Pad1)")
  (net 3 "Net-(C2-Pad1)")
  (net 4 "Net-(D1-Pad2)")
  (net 5 "Net-(J1-Pad2)")
  (net 6 "Net-(J2-Pad2)")
  (net 7 "Net-(J3-Pad2)")
  (net 8 "Net-(J4-Pad2)")
  (net 9 "Net-(J5-Pad2)")
  (net 10 "Net-(Q1-Pad1)")
  (net 11 "Net-(Q2-Pad1)")
  (net 12 "Net-(Q3-Pad1)")
  (net 13 "Net-(Q4-Pad1)")

  (net_class Default "To jest domyślna klasa połączeń."
    (clearance 0.2)
    (trace_width 0.25)
    (via_dia 0.8)
    (via_drill 0.4)
    (uvia_dia 0.3)
    (uvia_drill 0.1)
    (add_net "Net-(C1-Pad1)")
    (add_net "Net-(C1-Pad2)")
    (add_net "Net-(C2-Pad1)")
    (add_net "Net-(D1-Pad2)")
    (add_net "Net-(J1-Pad2)")
    (add_net "Net-(J2-Pad2)")
    (add_net "Net-(J3-Pad2)")
    (add_net "Net-(J4-Pad2)")
    (add_net "Net-(J5-Pad2)")
    (add_net "Net-(Q1-Pad1)")
    (add_net "Net-(Q2-Pad1)")
    (add_net "Net-(Q3-Pad1)")
    (add_net "Net-(Q4-Pad1)")
  )

  (module MountingHole:MountingHole_4.3mm_M4_DIN965_Pad (layer F.Cu) (tedit 56D1B4CB) (tstamp 5CF42B5E)
    (at 97.44701 73.66 270)
    (descr "Mounting Hole 4.3mm, M4, DIN965")
    (tags "mounting hole 4.3mm m4 din965")
    (path /5CF56C75)
    (attr virtual)
    (fp_text reference J6 (at 0 -4.75 270) (layer F.SilkS)
      (effects (font (size 1 1) (thickness 0.15)))
    )
    (fp_text value toPcb+ (at 0 4.75 270) (layer F.Fab)
      (effects (font (size 1 1) (thickness 0.15)))
    )
    (fp_circle (center 0 0) (end 4 0) (layer F.CrtYd) (width 0.05))
    (fp_circle (center 0 0) (end 3.75 0) (layer Cmts.User) (width 0.15))
    (fp_text user %R (at 0.3 0 270) (layer F.Fab)
      (effects (font (size 1 1) (thickness 0.15)))
    )
    (pad 1 thru_hole circle (at 0 0 270) (size 7.5 7.5) (drill 4.3) (layers *.Cu *.Mask)
      (net 2 "Net-(C1-Pad1)"))
  )

  (module Resistor_SMD:R_0805_2012Metric (layer B.Cu) (tedit 5B36C52B) (tstamp 5CF42B4E)
    (at 84.74701 96.8525 270)
    (descr "Resistor SMD 0805 (2012 Metric), square (rectangular) end terminal, IPC_7351 nominal, (Body size source: https://docs.google.com/spreadsheets/d/1BsfQQcO9C6DZCsRaXUlFlo91Tg2WpOkGARC1WS5S8t0/edit?usp=sharing), generated with kicad-footprint-generator")
    (tags resistor)
    (path /5CF2CD3C)
    (attr smd)
    (fp_text reference R3 (at 0 1.65 270) (layer B.SilkS)
      (effects (font (size 1 1) (thickness 0.15)) (justify mirror))
    )
    (fp_text value 47k (at 0 -1.65 270) (layer B.Fab)
      (effects (font (size 1 1) (thickness 0.15)) (justify mirror))
    )
    (fp_line (start -1 -0.6) (end -1 0.6) (layer B.Fab) (width 0.1))
    (fp_line (start -1 0.6) (end 1 0.6) (layer B.Fab) (width 0.1))
    (fp_line (start 1 0.6) (end 1 -0.6) (layer B.Fab) (width 0.1))
    (fp_line (start 1 -0.6) (end -1 -0.6) (layer B.Fab) (width 0.1))
    (fp_line (start -0.258578 0.71) (end 0.258578 0.71) (layer B.SilkS) (width 0.12))
    (fp_line (start -0.258578 -0.71) (end 0.258578 -0.71) (layer B.SilkS) (width 0.12))
    (fp_line (start -1.68 -0.95) (end -1.68 0.95) (layer B.CrtYd) (width 0.05))
    (fp_line (start -1.68 0.95) (end 1.68 0.95) (layer B.CrtYd) (width 0.05))
    (fp_line (start 1.68 0.95) (end 1.68 -0.95) (layer B.CrtYd) (width 0.05))
    (fp_line (start 1.68 -0.95) (end -1.68 -0.95) (layer B.CrtYd) (width 0.05))
    (fp_text user %R (at 0 0 270) (layer B.Fab)
      (effects (font (size 0.5 0.5) (thickness 0.08)) (justify mirror))
    )
    (pad 1 smd roundrect (at -0.9375 0 270) (size 0.975 1.4) (layers B.Cu B.Paste B.Mask) (roundrect_rratio 0.25)
      (net 6 "Net-(J2-Pad2)"))
    (pad 2 smd roundrect (at 0.9375 0 270) (size 0.975 1.4) (layers B.Cu B.Paste B.Mask) (roundrect_rratio 0.25)
      (net 11 "Net-(Q2-Pad1)"))
    (model ${KISYS3DMOD}/Resistor_SMD.3dshapes/R_0805_2012Metric.wrl
      (at (xyz 0 0 0))
      (scale (xyz 1 1 1))
      (rotate (xyz 0 0 0))
    )
  )

  (module Resistor_SMD:R_0805_2012Metric (layer B.Cu) (tedit 5B36C52B) (tstamp 5CF42B3E)
    (at 110.49 96.8525 270)
    (descr "Resistor SMD 0805 (2012 Metric), square (rectangular) end terminal, IPC_7351 nominal, (Body size source: https://docs.google.com/spreadsheets/d/1BsfQQcO9C6DZCsRaXUlFlo91Tg2WpOkGARC1WS5S8t0/edit?usp=sharing), generated with kicad-footprint-generator")
    (tags resistor)
    (path /5CF2CF8D)
    (attr smd)
    (fp_text reference R9 (at 0 1.65 270) (layer B.SilkS)
      (effects (font (size 1 1) (thickness 0.15)) (justify mirror))
    )
    (fp_text value 100 (at 0 -1.65 270) (layer B.Fab)
      (effects (font (size 1 1) (thickness 0.15)) (justify mirror))
    )
    (fp_text user %R (at 0 0 270) (layer B.Fab)
      (effects (font (size 0.5 0.5) (thickness 0.08)) (justify mirror))
    )
    (fp_line (start 1.68 -0.95) (end -1.68 -0.95) (layer B.CrtYd) (width 0.05))
    (fp_line (start 1.68 0.95) (end 1.68 -0.95) (layer B.CrtYd) (width 0.05))
    (fp_line (start -1.68 0.95) (end 1.68 0.95) (layer B.CrtYd) (width 0.05))
    (fp_line (start -1.68 -0.95) (end -1.68 0.95) (layer B.CrtYd) (width 0.05))
    (fp_line (start -0.258578 -0.71) (end 0.258578 -0.71) (layer B.SilkS) (width 0.12))
    (fp_line (start -0.258578 0.71) (end 0.258578 0.71) (layer B.SilkS) (width 0.12))
    (fp_line (start 1 -0.6) (end -1 -0.6) (layer B.Fab) (width 0.1))
    (fp_line (start 1 0.6) (end 1 -0.6) (layer B.Fab) (width 0.1))
    (fp_line (start -1 0.6) (end 1 0.6) (layer B.Fab) (width 0.1))
    (fp_line (start -1 -0.6) (end -1 0.6) (layer B.Fab) (width 0.1))
    (pad 2 smd roundrect (at 0.9375 0 270) (size 0.975 1.4) (layers B.Cu B.Paste B.Mask) (roundrect_rratio 0.25)
      (net 13 "Net-(Q4-Pad1)"))
    (pad 1 smd roundrect (at -0.9375 0 270) (size 0.975 1.4) (layers B.Cu B.Paste B.Mask) (roundrect_rratio 0.25)
      (net 9 "Net-(J5-Pad2)"))
    (model ${KISYS3DMOD}/Resistor_SMD.3dshapes/R_0805_2012Metric.wrl
      (at (xyz 0 0 0))
      (scale (xyz 1 1 1))
      (rotate (xyz 0 0 0))
    )
  )

  (module Resistor_SMD:R_0805_2012Metric (layer B.Cu) (tedit 5B36C52B) (tstamp 5CF42B2E)
    (at 112.68701 96.8525 270)
    (descr "Resistor SMD 0805 (2012 Metric), square (rectangular) end terminal, IPC_7351 nominal, (Body size source: https://docs.google.com/spreadsheets/d/1BsfQQcO9C6DZCsRaXUlFlo91Tg2WpOkGARC1WS5S8t0/edit?usp=sharing), generated with kicad-footprint-generator")
    (tags resistor)
    (path /5CF2CF86)
    (attr smd)
    (fp_text reference R5 (at 0 1.65 270) (layer B.SilkS)
      (effects (font (size 1 1) (thickness 0.15)) (justify mirror))
    )
    (fp_text value 47k (at 0 -1.65 270) (layer B.Fab)
      (effects (font (size 1 1) (thickness 0.15)) (justify mirror))
    )
    (fp_line (start -1 -0.6) (end -1 0.6) (layer B.Fab) (width 0.1))
    (fp_line (start -1 0.6) (end 1 0.6) (layer B.Fab) (width 0.1))
    (fp_line (start 1 0.6) (end 1 -0.6) (layer B.Fab) (width 0.1))
    (fp_line (start 1 -0.6) (end -1 -0.6) (layer B.Fab) (width 0.1))
    (fp_line (start -0.258578 0.71) (end 0.258578 0.71) (layer B.SilkS) (width 0.12))
    (fp_line (start -0.258578 -0.71) (end 0.258578 -0.71) (layer B.SilkS) (width 0.12))
    (fp_line (start -1.68 -0.95) (end -1.68 0.95) (layer B.CrtYd) (width 0.05))
    (fp_line (start -1.68 0.95) (end 1.68 0.95) (layer B.CrtYd) (width 0.05))
    (fp_line (start 1.68 0.95) (end 1.68 -0.95) (layer B.CrtYd) (width 0.05))
    (fp_line (start 1.68 -0.95) (end -1.68 -0.95) (layer B.CrtYd) (width 0.05))
    (fp_text user %R (at 0 0 270) (layer B.Fab)
      (effects (font (size 0.5 0.5) (thickness 0.08)) (justify mirror))
    )
    (pad 1 smd roundrect (at -0.9375 0 270) (size 0.975 1.4) (layers B.Cu B.Paste B.Mask) (roundrect_rratio 0.25)
      (net 8 "Net-(J4-Pad2)"))
    (pad 2 smd roundrect (at 0.9375 0 270) (size 0.975 1.4) (layers B.Cu B.Paste B.Mask) (roundrect_rratio 0.25)
      (net 13 "Net-(Q4-Pad1)"))
    (model ${KISYS3DMOD}/Resistor_SMD.3dshapes/R_0805_2012Metric.wrl
      (at (xyz 0 0 0))
      (scale (xyz 1 1 1))
      (rotate (xyz 0 0 0))
    )
  )

  (module Resistor_SMD:R_0805_2012Metric (layer B.Cu) (tedit 5B36C52B) (tstamp 5CF42B1E)
    (at 68.58 96.8525 270)
    (descr "Resistor SMD 0805 (2012 Metric), square (rectangular) end terminal, IPC_7351 nominal, (Body size source: https://docs.google.com/spreadsheets/d/1BsfQQcO9C6DZCsRaXUlFlo91Tg2WpOkGARC1WS5S8t0/edit?usp=sharing), generated with kicad-footprint-generator")
    (tags resistor)
    (path /5CF2CB80)
    (attr smd)
    (fp_text reference R6 (at 0 1.65 270) (layer B.SilkS)
      (effects (font (size 1 1) (thickness 0.15)) (justify mirror))
    )
    (fp_text value 100 (at 0 -1.65 270) (layer B.Fab)
      (effects (font (size 1 1) (thickness 0.15)) (justify mirror))
    )
    (fp_text user %R (at 0 0 270) (layer B.Fab)
      (effects (font (size 0.5 0.5) (thickness 0.08)) (justify mirror))
    )
    (fp_line (start 1.68 -0.95) (end -1.68 -0.95) (layer B.CrtYd) (width 0.05))
    (fp_line (start 1.68 0.95) (end 1.68 -0.95) (layer B.CrtYd) (width 0.05))
    (fp_line (start -1.68 0.95) (end 1.68 0.95) (layer B.CrtYd) (width 0.05))
    (fp_line (start -1.68 -0.95) (end -1.68 0.95) (layer B.CrtYd) (width 0.05))
    (fp_line (start -0.258578 -0.71) (end 0.258578 -0.71) (layer B.SilkS) (width 0.12))
    (fp_line (start -0.258578 0.71) (end 0.258578 0.71) (layer B.SilkS) (width 0.12))
    (fp_line (start 1 -0.6) (end -1 -0.6) (layer B.Fab) (width 0.1))
    (fp_line (start 1 0.6) (end 1 -0.6) (layer B.Fab) (width 0.1))
    (fp_line (start -1 0.6) (end 1 0.6) (layer B.Fab) (width 0.1))
    (fp_line (start -1 -0.6) (end -1 0.6) (layer B.Fab) (width 0.1))
    (pad 2 smd roundrect (at 0.9375 0 270) (size 0.975 1.4) (layers B.Cu B.Paste B.Mask) (roundrect_rratio 0.25)
      (net 10 "Net-(Q1-Pad1)"))
    (pad 1 smd roundrect (at -0.9375 0 270) (size 0.975 1.4) (layers B.Cu B.Paste B.Mask) (roundrect_rratio 0.25)
      (net 9 "Net-(J5-Pad2)"))
    (model ${KISYS3DMOD}/Resistor_SMD.3dshapes/R_0805_2012Metric.wrl
      (at (xyz 0 0 0))
      (scale (xyz 1 1 1))
      (rotate (xyz 0 0 0))
    )
  )

  (module Resistor_SMD:R_0805_2012Metric (layer B.Cu) (tedit 5B36C52B) (tstamp 5CF42B0E)
    (at 98.71701 96.8525 270)
    (descr "Resistor SMD 0805 (2012 Metric), square (rectangular) end terminal, IPC_7351 nominal, (Body size source: https://docs.google.com/spreadsheets/d/1BsfQQcO9C6DZCsRaXUlFlo91Tg2WpOkGARC1WS5S8t0/edit?usp=sharing), generated with kicad-footprint-generator")
    (tags resistor)
    (path /5CF2CED6)
    (attr smd)
    (fp_text reference R4 (at 0 1.65 270) (layer B.SilkS)
      (effects (font (size 1 1) (thickness 0.15)) (justify mirror))
    )
    (fp_text value 47k (at 0 -1.65 270) (layer B.Fab)
      (effects (font (size 1 1) (thickness 0.15)) (justify mirror))
    )
    (fp_line (start -1 -0.6) (end -1 0.6) (layer B.Fab) (width 0.1))
    (fp_line (start -1 0.6) (end 1 0.6) (layer B.Fab) (width 0.1))
    (fp_line (start 1 0.6) (end 1 -0.6) (layer B.Fab) (width 0.1))
    (fp_line (start 1 -0.6) (end -1 -0.6) (layer B.Fab) (width 0.1))
    (fp_line (start -0.258578 0.71) (end 0.258578 0.71) (layer B.SilkS) (width 0.12))
    (fp_line (start -0.258578 -0.71) (end 0.258578 -0.71) (layer B.SilkS) (width 0.12))
    (fp_line (start -1.68 -0.95) (end -1.68 0.95) (layer B.CrtYd) (width 0.05))
    (fp_line (start -1.68 0.95) (end 1.68 0.95) (layer B.CrtYd) (width 0.05))
    (fp_line (start 1.68 0.95) (end 1.68 -0.95) (layer B.CrtYd) (width 0.05))
    (fp_line (start 1.68 -0.95) (end -1.68 -0.95) (layer B.CrtYd) (width 0.05))
    (fp_text user %R (at 0 0 270) (layer B.Fab)
      (effects (font (size 0.5 0.5) (thickness 0.08)) (justify mirror))
    )
    (pad 1 smd roundrect (at -0.9375 0 270) (size 0.975 1.4) (layers B.Cu B.Paste B.Mask) (roundrect_rratio 0.25)
      (net 7 "Net-(J3-Pad2)"))
    (pad 2 smd roundrect (at 0.9375 0 270) (size 0.975 1.4) (layers B.Cu B.Paste B.Mask) (roundrect_rratio 0.25)
      (net 12 "Net-(Q3-Pad1)"))
    (model ${KISYS3DMOD}/Resistor_SMD.3dshapes/R_0805_2012Metric.wrl
      (at (xyz 0 0 0))
      (scale (xyz 1 1 1))
      (rotate (xyz 0 0 0))
    )
  )

  (module Resistor_SMD:R_0805_2012Metric (layer B.Cu) (tedit 5B36C52B) (tstamp 5CF42AFE)
    (at 70.77701 96.8525 270)
    (descr "Resistor SMD 0805 (2012 Metric), square (rectangular) end terminal, IPC_7351 nominal, (Body size source: https://docs.google.com/spreadsheets/d/1BsfQQcO9C6DZCsRaXUlFlo91Tg2WpOkGARC1WS5S8t0/edit?usp=sharing), generated with kicad-footprint-generator")
    (tags resistor)
    (path /5CF2C7A8)
    (attr smd)
    (fp_text reference R2 (at 0 1.65 270) (layer B.SilkS)
      (effects (font (size 1 1) (thickness 0.15)) (justify mirror))
    )
    (fp_text value 47k (at 0 -1.65 270) (layer B.Fab)
      (effects (font (size 1 1) (thickness 0.15)) (justify mirror))
    )
    (fp_line (start -1 -0.6) (end -1 0.6) (layer B.Fab) (width 0.1))
    (fp_line (start -1 0.6) (end 1 0.6) (layer B.Fab) (width 0.1))
    (fp_line (start 1 0.6) (end 1 -0.6) (layer B.Fab) (width 0.1))
    (fp_line (start 1 -0.6) (end -1 -0.6) (layer B.Fab) (width 0.1))
    (fp_line (start -0.258578 0.71) (end 0.258578 0.71) (layer B.SilkS) (width 0.12))
    (fp_line (start -0.258578 -0.71) (end 0.258578 -0.71) (layer B.SilkS) (width 0.12))
    (fp_line (start -1.68 -0.95) (end -1.68 0.95) (layer B.CrtYd) (width 0.05))
    (fp_line (start -1.68 0.95) (end 1.68 0.95) (layer B.CrtYd) (width 0.05))
    (fp_line (start 1.68 0.95) (end 1.68 -0.95) (layer B.CrtYd) (width 0.05))
    (fp_line (start 1.68 -0.95) (end -1.68 -0.95) (layer B.CrtYd) (width 0.05))
    (fp_text user %R (at 0 0 270) (layer B.Fab)
      (effects (font (size 0.5 0.5) (thickness 0.08)) (justify mirror))
    )
    (pad 1 smd roundrect (at -0.9375 0 270) (size 0.975 1.4) (layers B.Cu B.Paste B.Mask) (roundrect_rratio 0.25)
      (net 5 "Net-(J1-Pad2)"))
    (pad 2 smd roundrect (at 0.9375 0 270) (size 0.975 1.4) (layers B.Cu B.Paste B.Mask) (roundrect_rratio 0.25)
      (net 10 "Net-(Q1-Pad1)"))
    (model ${KISYS3DMOD}/Resistor_SMD.3dshapes/R_0805_2012Metric.wrl
      (at (xyz 0 0 0))
      (scale (xyz 1 1 1))
      (rotate (xyz 0 0 0))
    )
  )

  (module Resistor_SMD:R_0805_2012Metric (layer B.Cu) (tedit 5B36C52B) (tstamp 5CF42AEE)
    (at 58.0875 114.3)
    (descr "Resistor SMD 0805 (2012 Metric), square (rectangular) end terminal, IPC_7351 nominal, (Body size source: https://docs.google.com/spreadsheets/d/1BsfQQcO9C6DZCsRaXUlFlo91Tg2WpOkGARC1WS5S8t0/edit?usp=sharing), generated with kicad-footprint-generator")
    (tags resistor)
    (path /5CF3B983)
    (attr smd)
    (fp_text reference R1 (at 0 1.65) (layer B.SilkS)
      (effects (font (size 1 1) (thickness 0.15)) (justify mirror))
    )
    (fp_text value 400 (at 0 -1.65) (layer B.Fab)
      (effects (font (size 1 1) (thickness 0.15)) (justify mirror))
    )
    (fp_text user %R (at 0 0) (layer B.Fab)
      (effects (font (size 0.5 0.5) (thickness 0.08)) (justify mirror))
    )
    (fp_line (start 1.68 -0.95) (end -1.68 -0.95) (layer B.CrtYd) (width 0.05))
    (fp_line (start 1.68 0.95) (end 1.68 -0.95) (layer B.CrtYd) (width 0.05))
    (fp_line (start -1.68 0.95) (end 1.68 0.95) (layer B.CrtYd) (width 0.05))
    (fp_line (start -1.68 -0.95) (end -1.68 0.95) (layer B.CrtYd) (width 0.05))
    (fp_line (start -0.258578 -0.71) (end 0.258578 -0.71) (layer B.SilkS) (width 0.12))
    (fp_line (start -0.258578 0.71) (end 0.258578 0.71) (layer B.SilkS) (width 0.12))
    (fp_line (start 1 -0.6) (end -1 -0.6) (layer B.Fab) (width 0.1))
    (fp_line (start 1 0.6) (end 1 -0.6) (layer B.Fab) (width 0.1))
    (fp_line (start -1 0.6) (end 1 0.6) (layer B.Fab) (width 0.1))
    (fp_line (start -1 -0.6) (end -1 0.6) (layer B.Fab) (width 0.1))
    (pad 2 smd roundrect (at 0.9375 0) (size 0.975 1.4) (layers B.Cu B.Paste B.Mask) (roundrect_rratio 0.25)
      (net 3 "Net-(C2-Pad1)"))
    (pad 1 smd roundrect (at -0.9375 0) (size 0.975 1.4) (layers B.Cu B.Paste B.Mask) (roundrect_rratio 0.25)
      (net 4 "Net-(D1-Pad2)"))
    (model ${KISYS3DMOD}/Resistor_SMD.3dshapes/R_0805_2012Metric.wrl
      (at (xyz 0 0 0))
      (scale (xyz 1 1 1))
      (rotate (xyz 0 0 0))
    )
  )

  (module Resistor_SMD:R_0805_2012Metric (layer B.Cu) (tedit 5B36C52B) (tstamp 5CF42ADE)
    (at 82.55 96.8525 270)
    (descr "Resistor SMD 0805 (2012 Metric), square (rectangular) end terminal, IPC_7351 nominal, (Body size source: https://docs.google.com/spreadsheets/d/1BsfQQcO9C6DZCsRaXUlFlo91Tg2WpOkGARC1WS5S8t0/edit?usp=sharing), generated with kicad-footprint-generator")
    (tags resistor)
    (path /5CF2CD43)
    (attr smd)
    (fp_text reference R7 (at 0 1.65 270) (layer B.SilkS)
      (effects (font (size 1 1) (thickness 0.15)) (justify mirror))
    )
    (fp_text value 100 (at 0 -1.65 270) (layer B.Fab)
      (effects (font (size 1 1) (thickness 0.15)) (justify mirror))
    )
    (fp_text user %R (at 0 0 270) (layer B.Fab)
      (effects (font (size 0.5 0.5) (thickness 0.08)) (justify mirror))
    )
    (fp_line (start 1.68 -0.95) (end -1.68 -0.95) (layer B.CrtYd) (width 0.05))
    (fp_line (start 1.68 0.95) (end 1.68 -0.95) (layer B.CrtYd) (width 0.05))
    (fp_line (start -1.68 0.95) (end 1.68 0.95) (layer B.CrtYd) (width 0.05))
    (fp_line (start -1.68 -0.95) (end -1.68 0.95) (layer B.CrtYd) (width 0.05))
    (fp_line (start -0.258578 -0.71) (end 0.258578 -0.71) (layer B.SilkS) (width 0.12))
    (fp_line (start -0.258578 0.71) (end 0.258578 0.71) (layer B.SilkS) (width 0.12))
    (fp_line (start 1 -0.6) (end -1 -0.6) (layer B.Fab) (width 0.1))
    (fp_line (start 1 0.6) (end 1 -0.6) (layer B.Fab) (width 0.1))
    (fp_line (start -1 0.6) (end 1 0.6) (layer B.Fab) (width 0.1))
    (fp_line (start -1 -0.6) (end -1 0.6) (layer B.Fab) (width 0.1))
    (pad 2 smd roundrect (at 0.9375 0 270) (size 0.975 1.4) (layers B.Cu B.Paste B.Mask) (roundrect_rratio 0.25)
      (net 11 "Net-(Q2-Pad1)"))
    (pad 1 smd roundrect (at -0.9375 0 270) (size 0.975 1.4) (layers B.Cu B.Paste B.Mask) (roundrect_rratio 0.25)
      (net 9 "Net-(J5-Pad2)"))
    (model ${KISYS3DMOD}/Resistor_SMD.3dshapes/R_0805_2012Metric.wrl
      (at (xyz 0 0 0))
      (scale (xyz 1 1 1))
      (rotate (xyz 0 0 0))
    )
  )

  (module Resistor_SMD:R_0805_2012Metric (layer B.Cu) (tedit 5B36C52B) (tstamp 5CF42ACE)
    (at 96.52 96.8525 270)
    (descr "Resistor SMD 0805 (2012 Metric), square (rectangular) end terminal, IPC_7351 nominal, (Body size source: https://docs.google.com/spreadsheets/d/1BsfQQcO9C6DZCsRaXUlFlo91Tg2WpOkGARC1WS5S8t0/edit?usp=sharing), generated with kicad-footprint-generator")
    (tags resistor)
    (path /5CF2CEDD)
    (attr smd)
    (fp_text reference R8 (at 0 1.65 270) (layer B.SilkS)
      (effects (font (size 1 1) (thickness 0.15)) (justify mirror))
    )
    (fp_text value 100 (at 0 -1.65 270) (layer B.Fab)
      (effects (font (size 1 1) (thickness 0.15)) (justify mirror))
    )
    (fp_text user %R (at 0 0 270) (layer B.Fab)
      (effects (font (size 0.5 0.5) (thickness 0.08)) (justify mirror))
    )
    (fp_line (start 1.68 -0.95) (end -1.68 -0.95) (layer B.CrtYd) (width 0.05))
    (fp_line (start 1.68 0.95) (end 1.68 -0.95) (layer B.CrtYd) (width 0.05))
    (fp_line (start -1.68 0.95) (end 1.68 0.95) (layer B.CrtYd) (width 0.05))
    (fp_line (start -1.68 -0.95) (end -1.68 0.95) (layer B.CrtYd) (width 0.05))
    (fp_line (start -0.258578 -0.71) (end 0.258578 -0.71) (layer B.SilkS) (width 0.12))
    (fp_line (start -0.258578 0.71) (end 0.258578 0.71) (layer B.SilkS) (width 0.12))
    (fp_line (start 1 -0.6) (end -1 -0.6) (layer B.Fab) (width 0.1))
    (fp_line (start 1 0.6) (end 1 -0.6) (layer B.Fab) (width 0.1))
    (fp_line (start -1 0.6) (end 1 0.6) (layer B.Fab) (width 0.1))
    (fp_line (start -1 -0.6) (end -1 0.6) (layer B.Fab) (width 0.1))
    (pad 2 smd roundrect (at 0.9375 0 270) (size 0.975 1.4) (layers B.Cu B.Paste B.Mask) (roundrect_rratio 0.25)
      (net 12 "Net-(Q3-Pad1)"))
    (pad 1 smd roundrect (at -0.9375 0 270) (size 0.975 1.4) (layers B.Cu B.Paste B.Mask) (roundrect_rratio 0.25)
      (net 9 "Net-(J5-Pad2)"))
    (model ${KISYS3DMOD}/Resistor_SMD.3dshapes/R_0805_2012Metric.wrl
      (at (xyz 0 0 0))
      (scale (xyz 1 1 1))
      (rotate (xyz 0 0 0))
    )
  )

  (module MountingHole:MountingHole_4.3mm_M4_DIN965_Pad (layer F.Cu) (tedit 56D1B4CB) (tstamp 5CF42AC7)
    (at 94.90701 119.38 270)
    (descr "Mounting Hole 4.3mm, M4, DIN965")
    (tags "mounting hole 4.3mm m4 din965")
    (path /5CF56D26)
    (attr virtual)
    (fp_text reference J7 (at 0 -4.75 270) (layer F.SilkS)
      (effects (font (size 1 1) (thickness 0.15)))
    )
    (fp_text value toPcb- (at 0 4.75 270) (layer F.Fab)
      (effects (font (size 1 1) (thickness 0.15)))
    )
    (fp_text user %R (at 0.3 0 270) (layer F.Fab)
      (effects (font (size 1 1) (thickness 0.15)))
    )
    (fp_circle (center 0 0) (end 3.75 0) (layer Cmts.User) (width 0.15))
    (fp_circle (center 0 0) (end 4 0) (layer F.CrtYd) (width 0.05))
    (pad 1 thru_hole circle (at 0 0 270) (size 7.5 7.5) (drill 4.3) (layers *.Cu *.Mask)
      (net 1 "Net-(C1-Pad2)"))
  )

  (module MountingHole:MountingHole_2.2mm_M2_DIN965_Pad (layer F.Cu) (tedit 5CF2D4FD) (tstamp 5CF42AC0)
    (at 120.65 68.58 270)
    (descr "Mounting Hole 2.2mm, M2, DIN965")
    (tags "mounting hole 2.2mm m2 din965")
    (attr virtual)
    (fp_text reference REF** (at 0 -2.9 270) (layer F.SilkS)
      (effects (font (size 1 1) (thickness 0.15)))
    )
    (fp_text value mnt (at 0 2.9 270) (layer F.Fab)
      (effects (font (size 1 1) (thickness 0.15)))
    )
    (fp_text user %R (at 0.3 0 270) (layer F.Fab)
      (effects (font (size 1 1) (thickness 0.15)))
    )
    (fp_circle (center 0 0) (end 1.9 0) (layer Cmts.User) (width 0.15))
    (fp_circle (center 0 0) (end 2.15 0) (layer F.CrtYd) (width 0.05))
    (pad 1 thru_hole circle (at 0 0 270) (size 3.8 3.8) (drill 2.2) (layers *.Cu *.Mask))
  )

  (module Package_TO_SOT_SMD:SOT-223 (layer B.Cu) (tedit 5A02FF57) (tstamp 5CF42AAB)
    (at 59.291574 104.592456)
    (descr "module CMS SOT223 4 pins")
    (tags "CMS SOT")
    (path /5CF430A1)
    (attr smd)
    (fp_text reference U1 (at 0 4.5) (layer B.SilkS)
      (effects (font (size 1 1) (thickness 0.15)) (justify mirror))
    )
    (fp_text value LM1117-5.0 (at 0 -4.5) (layer B.Fab)
      (effects (font (size 1 1) (thickness 0.15)) (justify mirror))
    )
    (fp_line (start 1.85 3.35) (end 1.85 -3.35) (layer B.Fab) (width 0.1))
    (fp_line (start -1.85 -3.35) (end 1.85 -3.35) (layer B.Fab) (width 0.1))
    (fp_line (start -4.1 3.41) (end 1.91 3.41) (layer B.SilkS) (width 0.12))
    (fp_line (start -0.8 3.35) (end 1.85 3.35) (layer B.Fab) (width 0.1))
    (fp_line (start -1.85 -3.41) (end 1.91 -3.41) (layer B.SilkS) (width 0.12))
    (fp_line (start -1.85 2.3) (end -1.85 -3.35) (layer B.Fab) (width 0.1))
    (fp_line (start -4.4 3.6) (end -4.4 -3.6) (layer B.CrtYd) (width 0.05))
    (fp_line (start -4.4 -3.6) (end 4.4 -3.6) (layer B.CrtYd) (width 0.05))
    (fp_line (start 4.4 -3.6) (end 4.4 3.6) (layer B.CrtYd) (width 0.05))
    (fp_line (start 4.4 3.6) (end -4.4 3.6) (layer B.CrtYd) (width 0.05))
    (fp_line (start 1.91 3.41) (end 1.91 2.15) (layer B.SilkS) (width 0.12))
    (fp_line (start 1.91 -3.41) (end 1.91 -2.15) (layer B.SilkS) (width 0.12))
    (fp_line (start -1.85 2.3) (end -0.8 3.35) (layer B.Fab) (width 0.1))
    (fp_text user %R (at 0 0 -90) (layer B.Fab)
      (effects (font (size 0.8 0.8) (thickness 0.12)) (justify mirror))
    )
    (pad 1 smd rect (at -3.15 2.3) (size 2 1.5) (layers B.Cu B.Paste B.Mask)
      (net 1 "Net-(C1-Pad2)"))
    (pad 3 smd rect (at -3.15 -2.3) (size 2 1.5) (layers B.Cu B.Paste B.Mask)
      (net 2 "Net-(C1-Pad1)"))
    (pad 2 smd rect (at -3.15 0) (size 2 1.5) (layers B.Cu B.Paste B.Mask)
      (net 3 "Net-(C2-Pad1)"))
    (pad 4 smd rect (at 3.15 0) (size 2 3.8) (layers B.Cu B.Paste B.Mask))
    (model ${KISYS3DMOD}/Package_TO_SOT_SMD.3dshapes/SOT-223.wrl
      (at (xyz 0 0 0))
      (scale (xyz 1 1 1))
      (rotate (xyz 0 0 0))
    )
  )

  (module Package_TO_SOT_SMD:TO-252-2 (layer B.Cu) (tedit 5A70A390) (tstamp 5CF42A5E)
    (at 115.48701 105.8 270)
    (descr "TO-252 / DPAK SMD package, http://www.infineon.com/cms/en/product/packages/PG-TO252/PG-TO252-3-1/")
    (tags "DPAK TO-252 DPAK-3 TO-252-3 SOT-428")
    (path /5CF2CAD5)
    (attr smd)
    (fp_text reference Q4 (at 0 4.5 270) (layer B.SilkS)
      (effects (font (size 1 1) (thickness 0.15)) (justify mirror))
    )
    (fp_text value batt4_sw (at 0 -4.5 270) (layer B.Fab)
      (effects (font (size 1 1) (thickness 0.15)) (justify mirror))
    )
    (fp_line (start 3.95 2.7) (end 4.95 2.7) (layer B.Fab) (width 0.1))
    (fp_line (start 4.95 2.7) (end 4.95 -2.7) (layer B.Fab) (width 0.1))
    (fp_line (start 4.95 -2.7) (end 3.95 -2.7) (layer B.Fab) (width 0.1))
    (fp_line (start 3.95 3.25) (end 3.95 -3.25) (layer B.Fab) (width 0.1))
    (fp_line (start 3.95 -3.25) (end -2.27 -3.25) (layer B.Fab) (width 0.1))
    (fp_line (start -2.27 -3.25) (end -2.27 2.25) (layer B.Fab) (width 0.1))
    (fp_line (start -2.27 2.25) (end -1.27 3.25) (layer B.Fab) (width 0.1))
    (fp_line (start -1.27 3.25) (end 3.95 3.25) (layer B.Fab) (width 0.1))
    (fp_line (start -1.865 2.655) (end -4.97 2.655) (layer B.Fab) (width 0.1))
    (fp_line (start -4.97 2.655) (end -4.97 1.905) (layer B.Fab) (width 0.1))
    (fp_line (start -4.97 1.905) (end -2.27 1.905) (layer B.Fab) (width 0.1))
    (fp_line (start -2.27 -1.905) (end -4.97 -1.905) (layer B.Fab) (width 0.1))
    (fp_line (start -4.97 -1.905) (end -4.97 -2.655) (layer B.Fab) (width 0.1))
    (fp_line (start -4.97 -2.655) (end -2.27 -2.655) (layer B.Fab) (width 0.1))
    (fp_line (start -0.97 3.45) (end -2.47 3.45) (layer B.SilkS) (width 0.12))
    (fp_line (start -2.47 3.45) (end -2.47 3.18) (layer B.SilkS) (width 0.12))
    (fp_line (start -2.47 3.18) (end -5.3 3.18) (layer B.SilkS) (width 0.12))
    (fp_line (start -0.97 -3.45) (end -2.47 -3.45) (layer B.SilkS) (width 0.12))
    (fp_line (start -2.47 -3.45) (end -2.47 -3.18) (layer B.SilkS) (width 0.12))
    (fp_line (start -2.47 -3.18) (end -3.57 -3.18) (layer B.SilkS) (width 0.12))
    (fp_line (start -5.55 3.5) (end -5.55 -3.5) (layer B.CrtYd) (width 0.05))
    (fp_line (start -5.55 -3.5) (end 5.55 -3.5) (layer B.CrtYd) (width 0.05))
    (fp_line (start 5.55 -3.5) (end 5.55 3.5) (layer B.CrtYd) (width 0.05))
    (fp_line (start 5.55 3.5) (end -5.55 3.5) (layer B.CrtYd) (width 0.05))
    (fp_text user %R (at 0 0 270) (layer B.Fab)
      (effects (font (size 1 1) (thickness 0.15)) (justify mirror))
    )
    (pad 1 smd rect (at -4.2 2.28 270) (size 2.2 1.2) (layers B.Cu B.Paste B.Mask)
      (net 13 "Net-(Q4-Pad1)"))
    (pad 3 smd rect (at -4.2 -2.28 270) (size 2.2 1.2) (layers B.Cu B.Paste B.Mask)
      (net 8 "Net-(J4-Pad2)"))
    (pad 2 smd rect (at 2.1 0 270) (size 6.4 5.8) (layers B.Cu B.Mask)
      (net 1 "Net-(C1-Pad2)"))
    (pad "" smd rect (at 3.775 -1.525 270) (size 3.05 2.75) (layers B.Paste))
    (pad "" smd rect (at 0.425 1.525 270) (size 3.05 2.75) (layers B.Paste))
    (pad "" smd rect (at 3.775 1.525 270) (size 3.05 2.75) (layers B.Paste))
    (pad "" smd rect (at 0.425 -1.525 270) (size 3.05 2.75) (layers B.Paste))
    (model ${KISYS3DMOD}/Package_TO_SOT_SMD.3dshapes/TO-252-2.wrl
      (at (xyz 0 0 0))
      (scale (xyz 1 1 1))
      (rotate (xyz 0 0 0))
    )
  )

  (module MountingHole:MountingHole_2.2mm_M2_DIN965_Pad (layer F.Cu) (tedit 5CF2D501) (tstamp 5CF42A57)
    (at 120.65 124.46 270)
    (descr "Mounting Hole 2.2mm, M2, DIN965")
    (tags "mounting hole 2.2mm m2 din965")
    (attr virtual)
    (fp_text reference REF** (at 0 -2.9 270) (layer F.SilkS)
      (effects (font (size 1 1) (thickness 0.15)))
    )
    (fp_text value mnt (at 0 2.9 270) (layer F.Fab)
      (effects (font (size 1 1) (thickness 0.15)))
    )
    (fp_circle (center 0 0) (end 2.15 0) (layer F.CrtYd) (width 0.05))
    (fp_circle (center 0 0) (end 1.9 0) (layer Cmts.User) (width 0.15))
    (fp_text user %R (at 0.3 0 270) (layer F.Fab)
      (effects (font (size 1 1) (thickness 0.15)))
    )
    (pad 1 thru_hole circle (at 0 0 270) (size 3.8 3.8) (drill 2.2) (layers *.Cu *.Mask))
  )

  (module Package_TO_SOT_SMD:TO-252-2 (layer B.Cu) (tedit 5A70A390) (tstamp 5CF42A34)
    (at 87.54701 105.8 270)
    (descr "TO-252 / DPAK SMD package, http://www.infineon.com/cms/en/product/packages/PG-TO252/PG-TO252-3-1/")
    (tags "DPAK TO-252 DPAK-3 TO-252-3 SOT-428")
    (path /5CF2CA7E)
    (attr smd)
    (fp_text reference Q2 (at 0 4.5 270) (layer B.SilkS)
      (effects (font (size 1 1) (thickness 0.15)) (justify mirror))
    )
    (fp_text value batt2_sw (at 0 -4.5 270) (layer B.Fab)
      (effects (font (size 1 1) (thickness 0.15)) (justify mirror))
    )
    (fp_text user %R (at 0 0 270) (layer B.Fab)
      (effects (font (size 1 1) (thickness 0.15)) (justify mirror))
    )
    (fp_line (start 5.55 3.5) (end -5.55 3.5) (layer B.CrtYd) (width 0.05))
    (fp_line (start 5.55 -3.5) (end 5.55 3.5) (layer B.CrtYd) (width 0.05))
    (fp_line (start -5.55 -3.5) (end 5.55 -3.5) (layer B.CrtYd) (width 0.05))
    (fp_line (start -5.55 3.5) (end -5.55 -3.5) (layer B.CrtYd) (width 0.05))
    (fp_line (start -2.47 -3.18) (end -3.57 -3.18) (layer B.SilkS) (width 0.12))
    (fp_line (start -2.47 -3.45) (end -2.47 -3.18) (layer B.SilkS) (width 0.12))
    (fp_line (start -0.97 -3.45) (end -2.47 -3.45) (layer B.SilkS) (width 0.12))
    (fp_line (start -2.47 3.18) (end -5.3 3.18) (layer B.SilkS) (width 0.12))
    (fp_line (start -2.47 3.45) (end -2.47 3.18) (layer B.SilkS) (width 0.12))
    (fp_line (start -0.97 3.45) (end -2.47 3.45) (layer B.SilkS) (width 0.12))
    (fp_line (start -4.97 -2.655) (end -2.27 -2.655) (layer B.Fab) (width 0.1))
    (fp_line (start -4.97 -1.905) (end -4.97 -2.655) (layer B.Fab) (width 0.1))
    (fp_line (start -2.27 -1.905) (end -4.97 -1.905) (layer B.Fab) (width 0.1))
    (fp_line (start -4.97 1.905) (end -2.27 1.905) (layer B.Fab) (width 0.1))
    (fp_line (start -4.97 2.655) (end -4.97 1.905) (layer B.Fab) (width 0.1))
    (fp_line (start -1.865 2.655) (end -4.97 2.655) (layer B.Fab) (width 0.1))
    (fp_line (start -1.27 3.25) (end 3.95 3.25) (layer B.Fab) (width 0.1))
    (fp_line (start -2.27 2.25) (end -1.27 3.25) (layer B.Fab) (width 0.1))
    (fp_line (start -2.27 -3.25) (end -2.27 2.25) (layer B.Fab) (width 0.1))
    (fp_line (start 3.95 -3.25) (end -2.27 -3.25) (layer B.Fab) (width 0.1))
    (fp_line (start 3.95 3.25) (end 3.95 -3.25) (layer B.Fab) (width 0.1))
    (fp_line (start 4.95 -2.7) (end 3.95 -2.7) (layer B.Fab) (width 0.1))
    (fp_line (start 4.95 2.7) (end 4.95 -2.7) (layer B.Fab) (width 0.1))
    (fp_line (start 3.95 2.7) (end 4.95 2.7) (layer B.Fab) (width 0.1))
    (pad "" smd rect (at 0.425 -1.525 270) (size 3.05 2.75) (layers B.Paste))
    (pad "" smd rect (at 3.775 1.525 270) (size 3.05 2.75) (layers B.Paste))
    (pad "" smd rect (at 0.425 1.525 270) (size 3.05 2.75) (layers B.Paste))
    (pad "" smd rect (at 3.775 -1.525 270) (size 3.05 2.75) (layers B.Paste))
    (pad 2 smd rect (at 2.1 0 270) (size 6.4 5.8) (layers B.Cu B.Mask)
      (net 1 "Net-(C1-Pad2)"))
    (pad 3 smd rect (at -4.2 -2.28 270) (size 2.2 1.2) (layers B.Cu B.Paste B.Mask)
      (net 6 "Net-(J2-Pad2)"))
    (pad 1 smd rect (at -4.2 2.28 270) (size 2.2 1.2) (layers B.Cu B.Paste B.Mask)
      (net 11 "Net-(Q2-Pad1)"))
    (model ${KISYS3DMOD}/Package_TO_SOT_SMD.3dshapes/TO-252-2.wrl
      (at (xyz 0 0 0))
      (scale (xyz 1 1 1))
      (rotate (xyz 0 0 0))
    )
  )

  (module power_connectors:XT60UPB-M (layer F.Cu) (tedit 5CC4C6CB) (tstamp 5CF42A29)
    (at 89.82701 87.63 270)
    (path /5CF2D39C)
    (fp_text reference J2 (at -5.5 -5 270) (layer F.SilkS)
      (effects (font (size 1 1) (thickness 0.15)))
    )
    (fp_text value batt_2 (at -3 5 270) (layer F.Fab)
      (effects (font (size 1 1) (thickness 0.15)))
    )
    (fp_line (start 5.08 3.95) (end 7.65 1) (layer F.SilkS) (width 0.15))
    (fp_line (start 5.08 -3.95) (end 7.65 -1) (layer F.SilkS) (width 0.15))
    (fp_line (start -7.65 3.95) (end 5.08 3.95) (layer F.SilkS) (width 0.15))
    (fp_line (start -7.65 -3.95) (end 5.08 -3.95) (layer F.SilkS) (width 0.15))
    (fp_line (start 7.65 1) (end 7.65 -1) (layer F.SilkS) (width 0.15))
    (fp_line (start -7.65 -3.95) (end -7.65 3.95) (layer F.SilkS) (width 0.15))
    (pad 2 thru_hole circle (at 3.6 0 270) (size 5.5 5.5) (drill 4.6) (layers *.Cu *.Mask)
      (net 6 "Net-(J2-Pad2)"))
    (pad 1 thru_hole circle (at -3.6 0 270) (size 5.5 5.5) (drill 4.6) (layers *.Cu *.Mask)
      (net 2 "Net-(C1-Pad1)"))
    (model C:/Users/Kurat/Documents/git_repos/Rov4/zasilanie/modele_3d/xt-60_pcb_f.step
      (at (xyz 0 0 0))
      (scale (xyz 1 1 1))
      (rotate (xyz -90 0 90))
    )
  )

  (module MountingHole:MountingHole_2.2mm_M2_DIN965_Pad (layer F.Cu) (tedit 5CF2D4F6) (tstamp 5CF42A22)
    (at 54.61 124.46 270)
    (descr "Mounting Hole 2.2mm, M2, DIN965")
    (tags "mounting hole 2.2mm m2 din965")
    (attr virtual)
    (fp_text reference REF** (at 0 -2.9 270) (layer F.SilkS)
      (effects (font (size 1 1) (thickness 0.15)))
    )
    (fp_text value mnt (at 0 2.9 270) (layer F.Fab)
      (effects (font (size 1 1) (thickness 0.15)))
    )
    (fp_circle (center 0 0) (end 2.15 0) (layer F.CrtYd) (width 0.05))
    (fp_circle (center 0 0) (end 1.9 0) (layer Cmts.User) (width 0.15))
    (fp_text user %R (at 0.3 0 270) (layer F.Fab)
      (effects (font (size 1 1) (thickness 0.15)))
    )
    (pad 1 thru_hole circle (at 0 0 270) (size 3.8 3.8) (drill 2.2) (layers *.Cu *.Mask))
  )

  (module MountingHole:MountingHole_2.2mm_M2_DIN965_Pad (layer F.Cu) (tedit 5CF2D4EB) (tstamp 5CF42A1B)
    (at 54.61 68.58 270)
    (descr "Mounting Hole 2.2mm, M2, DIN965")
    (tags "mounting hole 2.2mm m2 din965")
    (attr virtual)
    (fp_text reference REF** (at 0 -2.9 270) (layer F.SilkS)
      (effects (font (size 1 1) (thickness 0.15)))
    )
    (fp_text value mnt (at 0 2.9 270) (layer F.Fab)
      (effects (font (size 1 1) (thickness 0.15)))
    )
    (fp_circle (center 0 0) (end 2.15 0) (layer F.CrtYd) (width 0.05))
    (fp_circle (center 0 0) (end 1.9 0) (layer Cmts.User) (width 0.15))
    (fp_text user %R (at 0.3 0 270) (layer F.Fab)
      (effects (font (size 1 1) (thickness 0.15)))
    )
    (pad 1 thru_hole circle (at 0 0 270) (size 3.8 3.8) (drill 2.2) (layers *.Cu *.Mask))
  )

  (module power_connectors:XT60UPB-M (layer F.Cu) (tedit 5CC4C6CB) (tstamp 5CF42A10)
    (at 75.85701 87.63 270)
    (path /5CF2D204)
    (fp_text reference J1 (at -5.5 -5 270) (layer F.SilkS)
      (effects (font (size 1 1) (thickness 0.15)))
    )
    (fp_text value batt_1 (at -3 5 270) (layer F.Fab)
      (effects (font (size 1 1) (thickness 0.15)))
    )
    (fp_line (start -7.65 -3.95) (end -7.65 3.95) (layer F.SilkS) (width 0.15))
    (fp_line (start 7.65 1) (end 7.65 -1) (layer F.SilkS) (width 0.15))
    (fp_line (start -7.65 -3.95) (end 5.08 -3.95) (layer F.SilkS) (width 0.15))
    (fp_line (start -7.65 3.95) (end 5.08 3.95) (layer F.SilkS) (width 0.15))
    (fp_line (start 5.08 -3.95) (end 7.65 -1) (layer F.SilkS) (width 0.15))
    (fp_line (start 5.08 3.95) (end 7.65 1) (layer F.SilkS) (width 0.15))
    (pad 1 thru_hole circle (at -3.6 0 270) (size 5.5 5.5) (drill 4.6) (layers *.Cu *.Mask)
      (net 2 "Net-(C1-Pad1)"))
    (pad 2 thru_hole circle (at 3.6 0 270) (size 5.5 5.5) (drill 4.6) (layers *.Cu *.Mask)
      (net 5 "Net-(J1-Pad2)"))
    (model C:/Users/Kurat/Documents/git_repos/Rov4/zasilanie/modele_3d/xt-60_pcb_f.step
      (at (xyz 0 0 0))
      (scale (xyz 1 1 1))
      (rotate (xyz -90 0 90))
    )
  )

  (module power_connectors:XT60UPB-M (layer F.Cu) (tedit 5CC4C6CB) (tstamp 5CF42A05)
    (at 103.79701 87.63 270)
    (path /5CF2D3F2)
    (fp_text reference J3 (at -5.5 -5 270) (layer F.SilkS)
      (effects (font (size 1 1) (thickness 0.15)))
    )
    (fp_text value batt_3 (at -3 5 270) (layer F.Fab)
      (effects (font (size 1 1) (thickness 0.15)))
    )
    (fp_line (start 5.08 3.95) (end 7.65 1) (layer F.SilkS) (width 0.15))
    (fp_line (start 5.08 -3.95) (end 7.65 -1) (layer F.SilkS) (width 0.15))
    (fp_line (start -7.65 3.95) (end 5.08 3.95) (layer F.SilkS) (width 0.15))
    (fp_line (start -7.65 -3.95) (end 5.08 -3.95) (layer F.SilkS) (width 0.15))
    (fp_line (start 7.65 1) (end 7.65 -1) (layer F.SilkS) (width 0.15))
    (fp_line (start -7.65 -3.95) (end -7.65 3.95) (layer F.SilkS) (width 0.15))
    (pad 2 thru_hole circle (at 3.6 0 270) (size 5.5 5.5) (drill 4.6) (layers *.Cu *.Mask)
      (net 7 "Net-(J3-Pad2)"))
    (pad 1 thru_hole circle (at -3.6 0 270) (size 5.5 5.5) (drill 4.6) (layers *.Cu *.Mask)
      (net 2 "Net-(C1-Pad1)"))
    (model C:/Users/Kurat/Documents/git_repos/Rov4/zasilanie/modele_3d/xt-60_pcb_f.step
      (at (xyz 0 0 0))
      (scale (xyz 1 1 1))
      (rotate (xyz -90 0 90))
    )
  )

  (module Connector_Molex:Molex_SPOX_5267-02A_1x02_P2.50mm_Vertical (layer F.Cu) (tedit 5B7833F7) (tstamp 5CF429EC)
